lon,lat,probability
0,-90,2
0,-88,2
0,-87,3
0,-86,4
0,-85,4
0,-84,5
0,-83,5
0,-82,6
0,-81,6
0,-80,6
0,-79,6
0,-78,6
0,-77,6
0,-76,5
0,-75,5
0,-74,4
0,-73,3
0,-72,2
0,-71,2
0,-70,1
0,-69,1
0,-68,1
0,-42,1
0,-41,1
0,-40,1
0,-39,1
0,0,1
0,66,1
0,67,1
0,68,2
0,69,3
0,70,4
0,71,5
0,72,6
0,73,7
0,74,8
0,75,9
0,76,8
0,77,8
0,78,7
0,79,5
0,80,4
0,81,3
0,82,2
0,83,1
0,84,1
0,85,1
1,-90,2
1,-88,2
1,-87,3
1,-86,3
1,-85,4
1,-84,5
1,-83,5
1,-82,5
1,-81,6
1,-80,6
1,-79,6
1,-78,6
1,-77,6
1,-76,5
1,-75,5
1,-74,4
1,-73,3
1,-72,3
1,-71,2
1,-70,1
1,-69,1
1,-68,1
1,-42,1
1,-41,1
1,-40,1
1,-39,1
1,0,1
1,66,1
1,67,1
1,68,2
1,69,2
1,70,3
1,71,5
1,72,6
1,73,7
1,74,8
1,75,8
1,76,8
1,77,8
1,78,7
1,79,6
1,80,4
1,81,3
1,82,2
1,83,1
1,84,1
1,85,1
2,-90,2
2,-88,2
2,-87,3
2,-86,3
2,-85,4
2,-84,5
2,-83,5
2,-82,5
2,-81,6
2,-80,6
2,-79,6
2,-78,6
2,-77,6
2,-76,5
2,-75,5
2,-74,4
2,-73,3
2,-72,3
2,-71,2
2,-70,1
2,-69,1
2,-68,1
2,-42,1
2,-41,1
2,-40,1
2,-39,1
2,0,1
2,66,1
2,67,1
2,68,2
2,69,2
2,70,3
2,71,4
2,72,6
2,73,7
2,74,8
2,75,8
2,76,8
2,77,8
2,78,7
2,79,6
2,80,4
2,81,3
2,82,2
2,83,1
2,84,1
2,85,1
3,-90,1
3,-88,2
3,-87,3
3,-86,3
3,-85,4
3,-84,4
3,-83,5
3,-82,5
3,-81,6
3,-80,6
3,-79,6
3,-78,6
3,-77,6
3,-76,5
3,-75,5
3,-74,4
3,-73,3
3,-72,3
3,-71,2
3,-70,1
3,-69,1
3,-68,1
3,-42,1
3,-41,1
3,-40,1
3,-39,1
3,0,1
3,66,1
3,67,1
3,68,1
3,69,2
3,70,3
3,71,4
3,72,5
3,73,7
3,74,8
3,75,8
3,76,8
3,77,8
3,78,7
3,79,6
3,80,4
3,81,3
3,82,2
3,83,1
3,84,1
3,85,1
4,-90,1
4,-88,2
4,-87,3
4,-86,3
4,-85,4
4,-84,4
4,-83,5
4,-82,5
4,-81,6
4,-80,6
4,-79,6
4,-78,6
4,-77,6
4,-76,5
4,-75,5
4,-74,4
4,-73,3
4,-72,3
4,-71,2
4,-70,1
4,-69,1
4,-68,1
4,-42,1
4,-41,1
4,-40,1
4,-39,1
4,0,1
4,66,1
4,67,1
4,68,1
4,69,2
4,70,3
4,71,4
4,72,5
4,73,6
4,74,8
4,75,8
4,76,8
4,77,8
4,78,7
4,79,6
4,80,4
4,81,3
4,82,2
4,83,1
4,84,1
4,85,1
5,-90,1
5,-88,2
5,-87,3
5,-86,3
5,-85,4
5,-84,4
5,-83,5
5,-82,5
5,-81,6
5,-80,6
5,-79,6
5,-78,6
5,-77,6
5,-76,5
5,-75,5
5,-74,4
5,-73,3
5,-72,3
5,-71,2
5,-70,1
5,-69,1
5,-68,1
5,-42,1
5,-41,1
5,-40,1
5,-39,1
5,0,1
5,67,1
5,68,1
5,69,2
5,70,3
5,71,4
5,72,5
5,73,6
5,74,7
5,75,8
5,76,8
5,77,8
5,78,7
5,79,6
5,80,4
5,81,3
5,82,2
5,83,1
5,84,1
5,85,1
6,-90,1
6,-88,2
6,-87,3
6,-86,3
6,-85,4
6,-84,4
6,-83,5
6,-82,5
6,-81,6
6,-80,6
6,-79,6
6,-78,6
6,-77,6
6,-76,5
6,-75,5
6,-74,4
6,-73,3
6,-72,3
6,-71,2
6,-70,2
6,-69,1
6,-68,1
6,-42,1
6,-41,1
6,-40,1
6,0,1
6,67,1
6,68,1
6,69,2
6,70,3
6,71,4
6,72,5
6,73,6
6,74,7
6,75,8
6,76,8
6,77,8
6,78,7
6,79,6
6,80,5
6,81,3
6,82,2
6,83,1
6,84,1
6,85,1
7,-90,1
7,-88,2
7,-87,3
7,-86,3
7,-85,4
7,-84,4
7,-83,5
7,-82,5
7,-81,6
7,-80,6
7,-79,6
7,-78,6
7,-77,6
7,-76,5
7,-75,5
7,-74,4
7,-73,3
7,-72,3
7,-71,2
7,-70,2
7,-69,1
7,-68,1
7,-42,1
7,-41,1
7,-40,1
7,0,1
7,67,1
7,68,1
7,69,2
7,70,3
7,71,4
7,72,5
7,73,6
7,74,7
7,75,8
7,76,8
7,77,8
7,78,7
7,79,6
7,80,5
7,81,3
7,82,2
7,83,2
7,84,1
7,85,1
8,-90,1
8,-88,2
8,-87,3
8,-86,3
8,-85,4
8,-84,4
8,-83,5
8,-82,5
8,-81,6
8,-80,6
8,-79,6
8,-78,6
8,-77,6
8,-76,5
8,-75,5
8,-74,4
8,-73,3
8,-72,3
8,-71,2
8,-70,2
8,-69,1
8,-68,1
8,-42,1
8,-41,1
8,-40,1
8,0,1
8,67,1
8,68,1
8,69,2
8,70,2
8,71,3
8,72,5
8,73,6
8,74,7
8,75,8
8,76,8
8,77,8
8,78,7
8,79,6
8,80,5
8,81,3
8,82,2
8,83,2
8,84,1
8,85,1
8,86,1
9,-90,1
9,-88,2
9,-87,3
9,-86,3
9,-85,4
9,-84,4
9,-83,5
9,-82,5
9,-81,6
9,-80,6
9,-79,6
9,-78,6
9,-77,6
9,-76,5
9,-75,5
9,-74,4
9,-73,4
9,-72,3
9,-71,2
9,-70,2
9,-69,1
9,-68,1
9,-67,1
9,-42,1
9,-41,1
9,-40,1
9,0,1
9,67,1
9,68,1
9,69,2
9,70,2
9,71,3
9,72,4
9,73,6
9,74,7
9,75,8
9,76,8
9,77,8
9,78,7
9,79,6
9,80,5
9,81,3
9,82,2
9,83,2
9,84,1
9,85,1
9,86,1
10,-90,1
10,-88,2
10,-87,3
10,-86,3
10,-85,4
10,-84,4
10,-83,5
10,-82,5
10,-81,6
10,-80,6
10,-79,6
10,-78,6
10,-77,6
10,-76,5
10,-75,5
10,-74,4
10,-73,4
10,-72,3
10,-71,2
10,-70,2
10,-69,1
10,-68,1
10,-67,1
10,-42,1
10,-41,1
10,-40,1
10,0,1
10,67,1
10,68,1
10,69,1
10,70,2
10,71,3
10,72,4
10,73,5
10,74,7
10,75,8
10,76,8
10,77,8
10,78,7
10,79,6
10,80,5
10,81,3
10,82,2
10,83,2
10,84,1
10,85,1
10,86,1
11,-90,1
11,-88,2
11,-87,3
11,-86,3
11,-85,4
11,-84,4
11,-83,5
11,-82,5
11,-81,6
11,-80,6
11,-79,6
11,-78,6
11,-77,6
11,-76,5
11,-75,5
11,-74,4
11,-73,4
11,-72,3
11,-71,2
11,-70,2
11,-69,1
11,-68,1
11,-67,1
11,-42,1
11,-41,1
11,-40,1
11,0,1
11,67,1
11,68,1
11,69,1
11,70,2
11,71,3
11,72,4
11,73,5
11,74,6
11,75,7
11,76,8
11,77,8
11,78,7
11,79,6
11,80,5
11,81,4
11,82,2
11,83,2
11,84,1
11,85,1
11,86,1
12,-90,1
12,-88,2
12,-87,3
12,-86,3
12,-85,4
12,-84,4
12,-83,5
12,-82,5
12,-81,5
12,-80,6
12,-79,6
12,-78,6
12,-77,6
12,-76,5
12,-75,5
12,-74,4
12,-73,4
12,-72,3
12,-71,2
12,-70,2
12,-69,1
12,-68,1
12,-67,1
12,-42,1
12,-41,1
12,-40,1
12,0,1
12,68,1
12,69,1
12,70,2
12,71,3
12,72,4
12,73,5
12,74,6
12,75,7
12,76,8
12,77,8
12,78,7
12,79,6
12,80,5
12,81,4
12,82,3
12,83,2
12,84,1
12,85,1
12,86,1
13,-90,1
13,-88,2
13,-87,3
13,-86,3
13,-85,4
13,-84,4
13,-83,5
13,-82,5
13,-81,5
13,-80,6
13,-79,6
13,-78,6
13,-77,6
13,-76,5
13,-75,5
13,-74,4
13,-73,4
13,-72,3
13,-71,2
13,-70,2
13,-69,1
13,-68,1
13,-67,1
13,-41,1
13,-40,1
13,0,1
13,68,1
13,69,1
13,70,2
13,71,3
13,72,4
13,73,5
13,74,6
13,75,7
13,76,8
13,77,8
13,78,7
13,79,6
13,80,5
13,81,4
13,82,3
13,83,2
13,84,1
13,85,1
13,86,1
14,-90,1
14,-88,2
14,-87,3
14,-86,3
14,-85,4
14,-84,4
14,-83,5
14,-82,5
14,-81,5
14,-80,6
14,-79,6
14,-78,6
14,-77,6
14,-76,6
14,-75,5
14,-74,4
14,-73,4
14,-72,3
14,-71,2
14,-70,2
14,-69,1
14,-68,1
14,-67,1
14,-41,1
14,-40,1
14,0,1
14,68,1
14,69,1
14,70,2
14,71,3
14,72,4
14,73,5
14,74,6
14,75,7
14,76,8
14,77,8
14,78,7
14,79,6
14,80,5
14,81,4
14,82,3
14,83,2
14,84,1
14,85,1
14,86,1
15,-90,1
15,-88,2
15,-87,3
15,-86,3
15,-85,4
15,-84,4
15,-83,5
15,-82,5
15,-81,5
15,-80,6
15,-79,6
15,-78,6
15,-77,6
15,-76,6
15,-75,5
15,-74,4
15,-73,4
15,-72,3
15,-71,2
15,-70,2
15,-69,1
15,-68,1
15,-67,1
15,-41,1
15,-40,1
15,0,1
15,68,1
15,69,1
15,70,2
15,71,2
15,72,3
15,73,5
15,74,6
15,75,7
15,76,7
15,77,8
15,78,7
15,79,6
15,80,5
15,81,4
15,82,3
15,83,2
15,84,1
15,85,1
15,86,1
16,-90,1
16,-88,2
16,-87,3
16,-86,3
16,-85,4
16,-84,4
16,-83,5
16,-82,5
16,-81,5
16,-80,6
16,-79,6
16,-78,6
16,-77,6
16,-76,6
16,-75,5
16,-74,5
16,-73,4
16,-72,3
16,-71,3
16,-70,2
16,-69,1
16,-68,1
16,-67,1
16,-41,1
16,-40,1
16,0,1
16,68,1
16,69,1
16,70,2
16,71,2
16,72,3
16,73,4
16,74,6
16,75,7
16,76,7
16,77,7
16,78,7
16,79,6
16,80,5
16,81,4
16,82,3
16,83,2
16,84,1
16,85,1
16,86,1
17,-90,1
17,-88,2
17,-87,3
17,-86,3
17,-85,4
17,-84,4
17,-83,5
17,-82,5
17,-81,5
17,-80,6
17,-79,6
17,-78,6
17,-77,6
17,-76,6
17,-75,5
17,-74,5
17,-73,4
17,-72,3
17,-71,3
17,-70,2
17,-69,1
17,-68,1
17,-67,1
17,-41,1
17,-40,1
17,0,1
17,68,1
17,69,1
17,70,1
17,71,2
17,72,3
17,73,4
17,74,5
17,75,7
17,76,7
17,77,7
17,78,7
17,79,6
17,80,5
17,81,4
17,82,3
17,83,2
17,84,1
17,85,1
17,86,1
18,-90,1
18,-88,2
18,-87,3
18,-86,3
18,-85,4
18,-84,4
18,-83,4
18,-82,5
18,-81,5
18,-80,6
18,-79,6
18,-78,6
18,-77,6
18,-76,6
18,-75,5
18,-74,5
18,-73,4
18,-72,3
18,-71,3
18,-70,2
18,-69,1
18,-68,1
18,-67,1
18,-41,1
18,0,1
18,68,1
18,69,1
18,70,1
18,71,2
18,72,3
18,73,4
18,74,5
18,75,6
18,76,7
18,77,7
18,78,7
18,79,6
18,80,5
18,81,4
18,82,3
18,83,2
18,84,1
18,85,1
18,86,1
19,-90,1
19,-88,2
19,-87,3
19,-86,3
19,-85,4
19,-84,4
19,-83,4
19,-82,5
19,-81,5
19,-80,6
19,-79,6
19,-78,6
19,-77,6
19,-76,6
19,-75,5
19,-74,5
19,-73,4
19,-72,3
19,-71,3
19,-70,2
19,-69,2
19,-68,1
19,-67,1
19,-41,1
19,0,1
19,69,1
19,70,1
19,71,2
19,72,3
19,73,4
19,74,5
19,75,6
19,76,7
19,77,7
19,78,7
19,79,6
19,80,5
19,81,4
19,82,3
19,83,2
19,84,1
19,85,1
19,86,1
20,-90,1
20,-88,2
20,-87,3
20,-86,3
20,-85,4
20,-84,4
20,-83,4
20,-82,5
20,-81,5
20,-80,6
20,-79,6
20,-78,6
20,-77,6
20,-76,6
20,-75,5
20,-74,5
20,-73,4
20,-72,3
20,-71,3
20,-70,2
20,-69,2
20,-68,1
20,-67,1
20,-66,1
20,-41,1
20,0,1
20,69,1
20,70,1
20,71,2
20,72,3
20,73,4
20,74,5
20,75,6
20,76,7
20,77,7
20,78,7
20,79,6
20,80,5
20,81,4
20,82,3
20,83,2
20,84,1
20,85,1
20,86,1
21,-90,1
21,-88,2
21,-87,3
21,-86,3
21,-85,4
21,-84,4
21,-83,4
21,-82,5
21,-81,5
21,-80,6
21,-79,6
21,-78,6
21,-77,6
21,-76,6
21,-75,5
21,-74,5
21,-73,4
21,-72,3
21,-71,3
21,-70,2
21,-69,2
21,-68,1
21,-67,1
21,-66,1
21,0,1
21,69,1
21,70,1
21,71,2
21,72,3
21,73,4
21,74,5
21,75,6
21,76,7
21,77,7
21,78,7
21,79,6
21,80,5
21,81,4
21,82,3
21,83,2
21,84,1
21,85,1
21,86,1
22,-90,1
22,-88,2
22,-87,3
22,-86,3
22,-85,3
22,-84,4
22,-83,4
22,-82,5
22,-81,5
22,-80,6
22,-79,6
22,-78,6
22,-77,6
22,-76,6
22,-75,5
22,-74,5
22,-73,4
22,-72,4
22,-71,3
22,-70,2
22,-69,2
22,-68,1
22,-67,1
22,-66,1
22,0,1
22,69,1
22,70,1
22,71,2
22,72,3
22,73,4
22,74,5
22,75,6
22,76,7
22,77,7
22,78,7
22,79,6
22,80,5
22,81,4
22,82,3
22,83,2
22,84,1
22,85,1
22,86,1
23,-90,1
23,-88,2
23,-87,3
23,-86,3
23,-85,3
23,-84,4
23,-83,4
23,-82,5
23,-81,5
23,-80,6
23,-79,6
23,-78,6
23,-77,6
23,-76,6
23,-75,5
23,-74,5
23,-73,4
23,-72,4
23,-71,3
23,-70,2
23,-69,2
23,-68,1
23,-67,1
23,-66,1
23,0,1
23,69,1
23,70,1
23,71,2
23,72,2
23,73,3
23,74,5
23,75,6
23,76,6
23,77,7
23,78,7
23,79,6
23,80,5
23,81,4
23,82,3
23,83,2
23,84,1
23,85,1
23,86,1
24,-90,1
24,-88,2
24,-87,3
24,-86,3
24,-85,3
24,-84,4
24,-83,4
24,-82,5
24,-81,5
24,-80,6
24,-79,6
24,-78,6
24,-77,6
24,-76,6
24,-75,5
24,-74,5
24,-73,4
24,-72,4
24,-71,3
24,-70,2
24,-69,2
24,-68,1
24,-67,1
24,-66,1
24,0,1
24,69,1
24,70,1
24,71,2
24,72,2
24,73,3
24,74,4
24,75,5
24,76,6
24,77,7
24,78,7
24,79,6
24,80,5
24,81,4
24,82,3
24,83,2
24,84,1
24,85,1
24,86,1
25,-90,1
25,-88,2
25,-87,3
25,-86,3
25,-85,3
25,-84,4
25,-83,4
25,-82,5
25,-81,5
25,-80,6
25,-79,6
25,-78,6
25,-77,6
25,-76,6
25,-75,6
25,-74,5
25,-73,4
25,-72,4
25,-71,3
25,-70,2
25,-69,2
25,-68,1
25,-67,1
25,-66,1
25,0,1
25,69,1
25,70,1
25,71,1
25,72,2
25,73,3
25,74,4
25,75,5
25,76,6
25,77,7
25,78,7
25,79,6
25,80,5
25,81,4
25,82,3
25,83,2
25,84,2
25,85,1
25,86,1
25,87,1
26,-90,1
26,-88,2
26,-87,3
26,-86,3
26,-85,3
26,-84,4
26,-83,4
26,-82,5
26,-81,5
26,-80,6
26,-79,6
26,-78,6
26,-77,6
26,-76,6
26,-75,6
26,-74,5
26,-73,4
26,-72,4
26,-71,3
26,-70,2
26,-69,2
26,-68,1
26,-67,1
26,-66,1
26,0,1
26,69,1
26,70,1
26,71,1
26,72,2
26,73,3
26,74,4
26,75,5
26,76,6
26,77,6
26,78,6
26,79,6
26,80,5
26,81,4
26,82,3
26,83,2
26,84,2
26,85,1
26,86,1
26,87,1
27,-90,1
27,-88,2
27,-87,3
27,-86,3
27,-85,3
27,-84,4
27,-83,4
27,-82,5
27,-81,5
27,-80,6
27,-79,6
27,-78,6
27,-77,6
27,-76,6
27,-75,6
27,-74,5
27,-73,5
27,-72,4
27,-71,3
27,-70,3
27,-69,2
27,-68,1
27,-67,1
27,-66,1
27,0,1
27,70,1
27,71,1
27,72,2
27,73,3
27,74,4
27,75,5
27,76,6
27,77,6
27,78,6
27,79,6
27,80,5
27,81,4
27,82,3
27,83,2
27,84,2
27,85,1
27,86,1
27,87,1
28,-90,1
28,-88,2
28,-87,2
28,-86,3
28,-85,3
28,-84,4
28,-83,4
28,-82,5
28,-81,5
28,-80,5
28,-79,6
28,-78,6
28,-77,6
28,-76,6
28,-75,6
28,-74,5
28,-73,5
28,-72,4
28,-71,3
28,-70,3
28,-69,2
28,-68,1
28,-67,1
28,-66,1
28,0,1
28,70,1
28,71,1
28,72,2
28,73,3
28,74,4
28,75,5
28,76,6
28,77,6
28,78,6
28,79,6
28,80,5
28,81,4
28,82,3
28,83,2
28,84,2
28,85,1
28,86,1
28,87,1
29,-90,1
29,-88,2
29,-87,2
29,-86,3
29,-85,3
29,-84,4
29,-83,4
29,-82,5
29,-81,5
29,-80,5
29,-79,6
29,-78,6
29,-77,6
29,-76,6
29,-75,6
29,-74,5
29,-73,5
29,-72,4
29,-71,3
29,-70,3
29,-69,2
29,-68,2
29,-67,1
29,-66,1
29,-65,1
29,0,1
29,70,1
29,71,1
29,72,2
29,73,3
29,74,4
29,75,5
29,76,6
29,77,6
29,78,6
29,79,6
29,80,5
29,81,4
29,82,3
29,83,2
29,84,2
29,85,1
29,86,1
29,87,1
30,-90,1
30,-88,2
30,-87,2
30,-86,3
30,-85,3
30,-84,4
30,-83,4
30,-82,5
30,-81,5
30,-80,5
30,-79,6
30,-78,6
30,-77,6
30,-76,6
30,-75,6
30,-74,5
30,-73,5
30,-72,4
30,-71,3
30,-70,3
30,-69,2
30,-68,2
30,-67,1
30,-66,1
30,-65,1
30,0,1
30,70,1
30,71,1
30,72,2
30,73,3
30,74,4
30,75,5
30,76,6
30,77,6
30,78,6
30,79,6
30,80,5
30,81,4
30,82,3
30,83,2
30,84,2
30,85,1
30,86,1
30,87,1
31,-90,1
31,-88,2
31,-87,2
31,-86,3
31,-85,3
31,-84,4
31,-83,4
31,-82,5
31,-81,5
31,-80,5
31,-79,6
31,-78,6
31,-77,6
31,-76,6
31,-75,6
31,-74,5
31,-73,5
31,-72,4
31,-71,4
31,-70,3
31,-69,2
31,-68,2
31,-67,1
31,-66,1
31,-65,1
31,0,1
31,70,1
31,71,1
31,72,2
31,73,3
31,74,4
31,75,5
31,76,5
31,77,6
31,78,6
31,79,6
31,80,5
31,81,4
31,82,3
31,83,2
31,84,2
31,85,1
31,86,1
31,87,1
32,-90,1
32,-88,2
32,-87,2
32,-86,3
32,-85,3
32,-84,4
32,-83,4
32,-82,5
32,-81,5
32,-80,5
32,-79,6
32,-78,6
32,-77,6
32,-76,6
32,-75,6
32,-74,6
32,-73,5
32,-72,4
32,-71,4
32,-70,3
32,-69,2
32,-68,2
32,-67,1
32,-66,1
32,-65,1
32,0,1
32,70,1
32,71,1
32,72,2
32,73,2
32,74,3
32,75,4
32,76,5
32,77,6
32,78,6
32,79,6
32,80,5
32,81,4
32,82,3
32,83,2
32,84,2
32,85,1
32,86,1
32,87,1
33,-90,1
33,-88,2
33,-87,2
33,-86,3
33,-85,3
33,-84,4
33,-83,4
33,-82,5
33,-81,5
33,-80,5
33,-79,6
33,-78,6
33,-77,6
33,-76,6
33,-75,6
33,-74,6
33,-73,5
33,-72,4
33,-71,4
33,-70,3
33,-69,2
33,-68,2
33,-67,1
33,-66,1
33,-65,1
33,0,1
33,70,1
33,71,1
33,72,2
33,73,2
33,74,3
33,75,4
33,76,5
33,77,6
33,78,6
33,79,6
33,80,5
33,81,4
33,82,3
33,83,2
33,84,2
33,85,1
33,86,1
33,87,1
34,-90,1
34,-88,2
34,-87,2
34,-86,3
34,-85,3
34,-84,4
34,-83,4
34,-82,5
34,-81,5
34,-80,5
34,-79,6
34,-78,6
34,-77,6
34,-76,6
34,-75,6
34,-74,6
34,-73,5
34,-72,4
34,-71,4
34,-70,3
34,-69,2
34,-68,2
34,-67,1
34,-66,1
34,-65,1
34,0,1
34,70,1
34,71,1
34,72,2
34,73,2
34,74,3
34,75,4
34,76,5
34,77,6
34,78,6
34,79,6
34,80,5
34,81,4
34,82,3
34,83,2
34,84,2
34,85,1
34,86,1
34,87,1
35,-90,1
35,-88,2
35,-87,2
35,-86,3
35,-85,3
35,-84,4
35,-83,4
35,-82,4
35,-81,5
35,-80,5
35,-79,6
35,-78,6
35,-77,6
35,-76,6
35,-75,6
35,-74,6
35,-73,5
35,-72,5
35,-71,4
35,-70,3
35,-69,3
35,-68,2
35,-67,1
35,-66,1
35,-65,1
35,0,1
35,70,1
35,71,1
35,72,1
35,73,2
35,74,3
35,75,4
35,76,5
35,77,5
35,78,6
35,79,5
35,80,5
35,81,4
35,82,3
35,83,2
35,84,2
35,85,1
35,86,1
35,87,1
36,-90,1
36,-88,2
36,-87,2
36,-86,3
36,-85,3
36,-84,4
36,-83,4
36,-82,4
36,-81,5
36,-80,5
36,-79,6
36,-78,6
36,-77,6
36,-76,6
36,-75,6
36,-74,6
36,-73,5
36,-72,5
36,-71,4
36,-70,3
36,-69,3
36,-68,2
36,-67,1
36,-66,1
36,-65,1
36,-64,1
36,0,1
36,70,1
36,71,1
36,72,1
36,73,2
36,74,3
36,75,4
36,76,5
36,77,5
36,78,6
36,79,5
36,80,5
36,81,4
36,82,3
36,83,2
36,84,2
36,85,1
36,86,1
36,87,1
37,-90,1
37,-88,2
37,-87,2
37,-86,3
37,-85,3
37,-84,4
37,-83,4
37,-82,4
37,-81,5
37,-80,5
37,-79,6
37,-78,6
37,-77,6
37,-76,6
37,-75,6
37,-74,6
37,-73,5
37,-72,5
37,-71,4
37,-70,3
37,-69,3
37,-68,2
37,-67,2
37,-66,1
37,-65,1
37,-64,1
37,0,1
37,70,1
37,71,1
37,72,1
37,73,2
37,74,3
37,75,4
37,76,5
37,77,5
37,78,6
37,79,5
37,80,5
37,81,4
37,82,3
37,83,2
37,84,2
37,85,1
37,86,1
37,87,1
38,-90,1
38,-88,2
38,-87,2
38,-86,3
38,-85,3
38,-84,4
38,-83,4
38,-82,4
38,-81,5
38,-80,5
38,-79,6
38,-78,6
38,-77,6
38,-76,6
38,-75,6
38,-74,6
38,-73,6
38,-72,5
38,-71,4
38,-70,3
38,-69,3
38,-68,2
38,-67,2
38,-66,1
38,-65,1
38,-64,1
38,0,1
38,71,1
38,72,1
38,73,2
38,74,3
38,75,4
38,76,5
38,77,5
38,78,5
38,79,5
38,80,5
38,81,4
38,82,3
38,83,2
38,84,2
38,85,1
38,86,1
38,87,1
39,-90,1
39,-88,2
39,-87,2
39,-86,3
39,-85,3
39,-84,3
39,-83,4
39,-82,4
39,-81,5
39,-80,5
39,-79,6
39,-78,6
39,-77,6
39,-76,6
39,-75,6
39,-74,6
39,-73,6
39,-72,5
39,-71,4
39,-70,4
39,-69,3
39,-68,2
39,-67,2
39,-66,1
39,-65,1
39,-64,1
39,0,1
39,71,1
39,72,1
39,73,2
39,74,3
39,75,4
39,76,4
39,77,5
39,78,5
39,79,5
39,80,5
39,81,4
39,82,3
39,83,3
39,84,2
39,85,1
39,86,1
39,87,1
40,-90,1
40,-88,2
40,-87,2
40,-86,3
40,-85,3
40,-84,3
40,-83,4
40,-82,4
40,-81,5
40,-80,5
40,-79,6
40,-78,6
40,-77,6
40,-76,6
40,-75,6
40,-74,6
40,-73,6
40,-72,5
40,-71,4
40,-70,4
40,-69,3
40,-68,2
40,-67,2
40,-66,1
40,-65,1
40,-64,1
40,0,1
40,71,1
40,72,1
40,73,2
40,74,3
40,75,3
40,76,4
40,77,5
40,78,5
40,79,5
40,80,5
40,81,4
40,82,3
40,83,3
40,84,2
40,85,1
40,86,1
40,87,1
41,-90,1
41,-88,2
41,-87,2
41,-86,3
41,-85,3
41,-84,3
41,-83,4
41,-82,4
41,-81,5
41,-80,5
41,-79,6
41,-78,6
41,-77,6
41,-76,7
41,-75,6
41,-74,6
41,-73,6
41,-72,5
41,-71,5
41,-70,4
41,-69,3
41,-68,2
41,-67,2
41,-66,1
41,-65,1
41,-64,1
41,0,1
41,71,1
41,72,1
41,73,2
41,74,3
41,75,3
41,76,4
41,77,5
41,78,5
41,79,5
41,80,5
41,81,4
41,82,3
41,83,3
41,84,2
41,85,1
41,86,1
41,87,1
42,-90,1
42,-88,2
42,-87,2
42,-86,3
42,-85,3
42,-84,3
42,-83,4
42,-82,4
42,-81,5
42,-80,5
42,-79,6
42,-78,6
42,-77,6
42,-76,7
42,-75,7
42,-74,6
42,-73,6
42,-72,5
42,-71,5
42,-70,4
42,-69,3
42,-68,3
42,-67,2
42,-66,1
42,-65,1
42,-64,1
42,0,1
42,71,1
42,72,1
42,73,2
42,74,2
42,75,3
42,76,4
42,77,5
42,78,5
42,79,5
42,80,5
42,81,4
42,82,3
42,83,3
42,84,2
42,85,1
42,86,1
42,87,1
43,-90,1
43,-88,2
43,-87,2
43,-86,3
43,-85,3
43,-84,3
43,-83,4
43,-82,4
43,-81,5
43,-80,5
43,-79,6
43,-78,6
43,-77,6
43,-76,7
43,-75,7
43,-74,6
43,-73,6
43,-72,5
43,-71,5
43,-70,4
43,-69,3
43,-68,3
43,-67,2
43,-66,1
43,-65,1
43,-64,1
43,-63,1
43,0,1
43,71,1
43,72,1
43,73,2
43,74,2
43,75,3
43,76,4
43,77,5
43,78,5
43,79,5
43,80,5
43,81,4
43,82,3
43,83,3
43,84,2
43,85,1
43,86,1
43,87,1
44,-90,1
44,-88,2
44,-87,2
44,-86,3
44,-85,3
44,-84,3
44,-83,4
44,-82,4
44,-81,5
44,-80,5
44,-79,6
44,-78,6
44,-77,6
44,-76,7
44,-75,7
44,-74,7
44,-73,6
44,-72,6
44,-71,5
44,-70,4
44,-69,3
44,-68,3
44,-67,2
44,-66,2
44,-65,1
44,-64,1
44,-63,1
44,0,1
44,71,1
44,72,1
44,73,2
44,74,2
44,75,3
44,76,4
44,77,5
44,78,5
44,79,5
44,80,5
44,81,4
44,82,3
44,83,3
44,84,2
44,85,1
44,86,1
44,87,1
45,-90,1
45,-88,2
45,-87,2
45,-86,3
45,-85,3
45,-84,3
45,-83,4
45,-82,4
45,-81,5
45,-80,5
45,-79,6
45,-78,6
45,-77,7
45,-76,7
45,-75,7
45,-74,7
45,-73,6
45,-72,6
45,-71,5
45,-70,4
45,-69,4
45,-68,3
45,-67,2
45,-66,2
45,-65,1
45,-64,1
45,-63,1
45,0,1
45,71,1
45,72,1
45,73,2
45,74,2
45,75,3
45,76,4
45,77,4
45,78,5
45,79,5
45,80,5
45,81,4
45,82,3
45,83,3
45,84,2
45,85,1
45,86,1
45,87,1
46,-90,1
46,-88,2
46,-87,2
46,-86,3
46,-85,3
46,-84,3
46,-83,4
46,-82,4
46,-81,5
46,-80,5
46,-79,6
46,-78,6
46,-77,7
46,-76,7
46,-75,7
46,-74,7
46,-73,6
46,-72,6
46,-71,5
46,-70,4
46,-69,4
46,-68,3
46,-67,2
46,-66,2
46,-65,1
46,-64,1
46,-63,1
46,0,1
46,71,1
46,72,1
46,73,2
46,74,2
46,75,3
46,76,4
46,77,4
46,78,5
46,79,5
46,80,5
46,81,4
46,82,3
46,83,3
46,84,2
46,85,1
46,86,1
46,87,1
47,-90,1
47,-88,2
47,-87,2
47,-86,3
47,-85,3
47,-84,3
47,-83,4
47,-82,4
47,-81,5
47,-80,5
47,-79,6
47,-78,6
47,-77,7
47,-76,7
47,-75,7
47,-74,7
47,-73,6
47,-72,6
47,-71,5
47,-70,5
47,-69,4
47,-68,3
47,-67,2
47,-66,2
47,-65,1
47,-64,1
47,-63,1
47,0,1
47,71,1
47,72,1
47,73,1
47,74,2
47,75,3
47,76,4
47,77,4
47,78,5
47,79,5
47,80,5
47,81,4
47,82,3
47,83,3
47,84,2
47,85,1
47,86,1
47,87,1
48,-90,1
48,-88,2
48,-87,2
48,-86,3
48,-85,3
48,-84,3
48,-83,4
48,-82,4
48,-81,5
48,-80,5
48,-79,6
48,-78,6
48,-77,7
48,-76,7
48,-75,7
48,-74,7
48,-73,7
48,-72,6
48,-71,5
48,-70,5
48,-69,4
48,-68,3
48,-67,2
48,-66,2
48,-65,1
48,-64,1
48,-63,1
48,0,1
48,71,1
48,72,1
48,73,1
48,74,2
48,75,3
48,76,4
48,77,4
48,78,5
48,79,5
48,80,4
48,81,4
48,82,3
48,83,3
48,84,2
48,85,1
48,86,1
48,87,1
49,-90,1
49,-88,2
49,-87,2
49,-86,3
49,-85,3
49,-84,3
49,-83,4
49,-82,4
49,-81,5
49,-80,5
49,-79,6
49,-78,6
49,-77,7
49,-76,7
49,-75,7
49,-74,7
49,-73,7
49,-72,6
49,-71,6
49,-70,5
49,-69,4
49,-68,3
49,-67,3
49,-66,2
49,-65,1
49,-64,1
49,-63,1
49,-62,1
49,0,1
49,71,1
49,72,1
49,73,1
49,74,2
49,75,3
49,76,4
49,77,4
49,78,5
49,79,5
49,80,4
49,81,4
49,82,3
49,83,3
49,84,2
49,85,2
49,86,1
49,87,1
50,-90,1
50,-88,2
50,-87,2
50,-86,2
50,-85,3
50,-84,3
50,-83,4
50,-82,4
50,-81,5
50,-80,5
50,-79,6
50,-78,6
50,-77,7
50,-76,7
50,-75,7
50,-74,7
50,-73,7
50,-72,6
50,-71,6
50,-70,5
50,-69,4
50,-68,3
50,-67,3
50,-66,2
50,-65,2
50,-64,1
50,-63,1
50,-62,1
50,0,1
50,71,1
50,72,1
50,73,1
50,74,2
50,75,3
50,76,3
50,77,4
50,78,5
50,79,5
50,80,4
50,81,4
50,82,3
50,83,3
50,84,2
50,85,2
50,86,1
50,87,1
51,-90,1
51,-88,2
51,-87,2
51,-86,2
51,-85,3
51,-84,3
51,-83,4
51,-82,4
51,-81,4
51,-80,5
51,-79,6
51,-78,6
51,-77,7
51,-76,7
51,-75,7
51,-74,7
51,-73,7
51,-72,7
51,-71,6
51,-70,5
51,-69,4
51,-68,4
51,-67,3
51,-66,2
51,-65,2
51,-64,1
51,-63,1
51,-62,1
51,0,1
51,71,1
51,72,1
51,73,1
51,74,2
51,75,3
51,76,3
51,77,4
51,78,4
51,79,5
51,80,4
51,81,4
51,82,3
51,83,3
51,84,2
51,85,2
51,86,1
51,87,1
52,-90,1
52,-88,2
52,-87,2
52,-86,2
52,-85,3
52,-84,3
52,-83,3
52,-82,4
52,-81,4
52,-80,5
52,-79,6
52,-78,6
52,-77,7
52,-76,7
52,-75,7
52,-74,7
52,-73,7
52,-72,7
52,-71,6
52,-70,5
52,-69,5
52,-68,4
52,-67,3
52,-66,2
52,-65,2
52,-64,1
52,-63,1
52,-62,1
52,0,1
52,71,1
52,72,1
52,73,1
52,74,2
52,75,3
52,76,3
52,77,4
52,78,4
52,79,5
52,80,4
52,81,4
52,82,3
52,83,3
52,84,2
52,85,2
52,86,1
52,87,1
53,-90,1
53,-88,2
53,-87,2
53,-86,2
53,-85,3
53,-84,3
53,-83,3
53,-82,4
53,-81,4
53,-80,5
53,-79,6
53,-78,6
53,-77,7
53,-76,7
53,-75,7
53,-74,7
53,-73,7
53,-72,7
53,-71,6
53,-70,6
53,-69,5
53,-68,4
53,-67,3
53,-66,2
53,-65,2
53,-64,1
53,-63,1
53,-62,1
53,0,1
53,71,1
53,72,1
53,73,1
53,74,2
53,75,3
53,76,3
53,77,4
53,78,4
53,79,5
53,80,4
53,81,4
53,82,3
53,83,3
53,84,2
53,85,2
53,86,1
53,87,1
54,-90,1
54,-88,2
54,-87,2
54,-86,2
54,-85,3
54,-84,3
54,-83,3
54,-82,4
54,-81,4
54,-80,5
54,-79,6
54,-78,6
54,-77,7
54,-76,7
54,-75,7
54,-74,7
54,-73,7
54,-72,7
54,-71,6
54,-70,6
54,-69,5
54,-68,4
54,-67,3
54,-66,2
54,-65,2
54,-64,1
54,-63,1
54,-62,1
54,0,1
54,71,1
54,72,1
54,73,1
54,74,2
54,75,3
54,76,3
54,77,4
54,78,4
54,79,4
54,80,4
54,81,4
54,82,3
54,83,3
54,84,2
54,85,2
54,86,1
54,87,1
55,-90,1
55,-88,2
55,-87,2
55,-86,2
55,-85,3
55,-84,3
55,-83,3
55,-82,4
55,-81,4
55,-80,5
55,-79,5
55,-78,6
55,-77,7
55,-76,7
55,-75,7
55,-74,7
55,-73,7
55,-72,7
55,-71,7
55,-70,6
55,-69,5
55,-68,4
55,-67,3
55,-66,3
55,-65,2
55,-64,1
55,-63,1
55,-62,1
55,-61,1
55,0,1
55,71,1
55,72,1
55,73,1
55,74,2
55,75,2
55,76,3
55,77,4
55,78,4
55,79,4
55,80,4
55,81,4
55,82,3
55,83,3
55,84,2
55,85,2
55,86,1
55,87,1
56,-90,1
56,-88,2
56,-87,2
56,-86,2
56,-85,3
56,-84,3
56,-83,3
56,-82,4
56,-81,4
56,-80,5
56,-79,5
56,-78,6
56,-77,7
56,-76,7
56,-75,7
56,-74,8
56,-73,8
56,-72,7
56,-71,7
56,-70,6
56,-69,5
56,-68,4
56,-67,4
56,-66,3
56,-65,2
56,-64,1
56,-63,1
56,-62,1
56,-61,1
56,0,1
56,71,1
56,72,1
56,73,1
56,74,2
56,75,2
56,76,3
56,77,4
56,78,4
56,79,4
56,80,4
56,81,4
56,82,3
56,83,3
56,84,2
56,85,2
56,86,1
56,87,1
57,-90,1
57,-88,2
57,-87,2
57,-86,2
57,-85,3
57,-84,3
57,-83,3
57,-82,4
57,-81,4
57,-80,5
57,-79,5
57,-78,6
57,-77,7
57,-76,7
57,-75,7
57,-74,8
57,-73,8
57,-72,7
57,-71,7
57,-70,6
57,-69,5
57,-68,5
57,-67,4
57,-66,3
57,-65,2
57,-64,2
57,-63,1
57,-62,1
57,-61,1
57,0,1
57,71,1
57,72,1
57,73,1
57,74,2
57,75,2
57,76,3
57,77,4
57,78,4
57,79,4
57,80,4
57,81,4
57,82,3
57,83,3
57,84,2
57,85,2
57,86,1
57,87,1
58,-90,1
58,-88,2
58,-87,2
58,-86,2
58,-85,3
58,-84,3
58,-83,3
58,-82,4
58,-81,4
58,-80,5
58,-79,5
58,-78,6
58,-77,7
58,-76,7
58,-75,7
58,-74,8
58,-73,8
58,-72,7
58,-71,7
58,-70,6
58,-69,6
58,-68,5
58,-67,4
58,-66,3
58,-65,2
58,-64,2
58,-63,1
58,-62,1
58,-61,1
58,0,1
58,71,1
58,72,1
58,73,1
58,74,2
58,75,2
58,76,3
58,77,4
58,78,4
58,79,4
58,80,4
58,81,4
58,82,3
58,83,3
58,84,2
58,85,2
58,86,1
58,87,1
59,-90,1
59,-88,2
59,-87,2
59,-86,2
59,-85,3
59,-84,3
59,-83,3
59,-82,4
59,-81,4
59,-80,5
59,-79,5
59,-78,6
59,-77,7
59,-76,7
59,-75,8
59,-74,8
59,-73,8
59,-72,8
59,-71,7
59,-70,7
59,-69,6
59,-68,5
59,-67,4
59,-66,3
59,-65,2
59,-64,2
59,-63,1
59,-62,1
59,-61,1
59,0,1
59,71,1
59,72,1
59,73,1
59,74,2
59,75,2
59,76,3
59,77,4
59,78,4
59,79,4
59,80,4
59,81,4
59,82,3
59,83,3
59,84,2
59,85,2
59,86,1
59,87,1
60,-90,1
60,-88,2
60,-87,2
60,-86,2
60,-85,2
60,-84,3
60,-83,3
60,-82,4
60,-81,4
60,-80,5
60,-79,5
60,-78,6
60,-77,6
60,-76,7
60,-75,8
60,-74,8
60,-73,8
60,-72,8
60,-71,7
60,-70,7
60,-69,6
60,-68,5
60,-67,4
60,-66,3
60,-65,2
60,-64,2
60,-63,1
60,-62,1
60,-61,1
60,0,1
60,71,1
60,72,1
60,73,1
60,74,2
60,75,2
60,76,3
60,77,4
60,78,4
60,79,4
60,80,4
60,81,4
60,82,3
60,83,3
60,84,2
60,85,2
60,86,1
60,87,1
61,-90,1
61,-88,2
61,-87,2
61,-86,2
61,-85,2
61,-84,3
61,-83,3
61,-82,3
61,-81,4
61,-80,5
61,-79,5
61,-78,6
61,-77,6
61,-76,7
61,-75,8
61,-74,8
61,-73,8
61,-72,8
61,-71,7
61,-70,7
61,-69,6
61,-68,5
61,-67,4
61,-66,3
61,-65,3
61,-64,2
61,-63,1
61,-62,1
61,-61,1
61,0,1
61,71,1
61,72,1
61,73,1
61,74,2
61,75,2
61,76,3
61,77,4
61,78,4
61,79,4
61,80,4
61,81,4
61,82,3
61,83,3
61,84,2
61,85,2
61,86,1
61,87,1
62,-90,1
62,-88,2
62,-87,2
62,-86,2
62,-85,2
62,-84,3
62,-83,3
62,-82,3
62,-81,4
62,-80,4
62,-79,5
62,-78,6
62,-77,6
62,-76,7
62,-75,8
62,-74,8
62,-73,8
62,-72,8
62,-71,8
62,-70,7
62,-69,6
62,-68,5
62,-67,4
62,-66,4
62,-65,3
62,-64,2
62,-63,1
62,-62,1
62,-61,1
62,0,1
62,71,1
62,72,1
62,73,1
62,74,2
62,75,2
62,76,3
62,77,4
62,78,4
62,79,4
62,80,4
62,81,4
62,82,4
62,83,3
62,84,2
62,85,2
62,86,1
62,87,1
63,-90,1
63,-88,1
63,-87,2
63,-86,2
63,-85,2
63,-84,3
63,-83,3
63,-82,3
63,-81,4
63,-80,4
63,-79,5
63,-78,6
63,-77,6
63,-76,7
63,-75,7
63,-74,8
63,-73,8
63,-72,8
63,-71,8
63,-70,7
63,-69,6
63,-68,6
63,-67,5
63,-66,4
63,-65,3
63,-64,2
63,-63,2
63,-62,1
63,-61,1
63,-60,1
63,0,1
63,71,1
63,72,1
63,73,1
63,74,2
63,75,2
63,76,3
63,77,4
63,78,4
63,79,4
63,80,4
63,81,4
63,82,4
63,83,3
63,84,2
63,85,2
63,86,1
63,87,1
64,-90,1
64,-88,1
64,-87,2
64,-86,2
64,-85,2
64,-84,3
64,-83,3
64,-82,3
64,-81,4
64,-80,4
64,-79,5
64,-78,6
64,-77,6
64,-76,7
64,-75,7
64,-74,8
64,-73,8
64,-72,8
64,-71,8
64,-70,7
64,-69,7
64,-68,6
64,-67,5
64,-66,4
64,-65,3
64,-64,2
64,-63,2
64,-62,1
64,-61,1
64,-60,1
64,71,1
64,72,1
64,73,1
64,74,2
64,75,2
64,76,3
64,77,4
64,78,4
64,79,4
64,80,4
64,81,4
64,82,4
64,83,3
64,84,2
64,85,2
64,86,1
64,87,1
65,-90,1
65,-88,1
65,-87,2
65,-86,2
65,-85,2
65,-84,3
65,-83,3
65,-82,3
65,-81,4
65,-80,4
65,-79,5
65,-78,5
65,-77,6
65,-76,7
65,-75,7
65,-74,8
65,-73,8
65,-72,8
65,-71,8
65,-70,8
65,-69,7
65,-68,6
65,-67,5
65,-66,4
65,-65,3
65,-64,2
65,-63,2
65,-62,1
65,-61,1
65,-60,1
65,71,1
65,72,1
65,73,1
65,74,2
65,75,2
65,76,3
65,77,4
65,78,4
65,79,4
65,80,4
65,81,4
65,82,4
65,83,3
65,84,2
65,85,2
65,86,1
65,87,1
66,-90,1
66,-88,1
66,-87,2
66,-86,2
66,-85,2
66,-84,3
66,-83,3
66,-82,3
66,-81,4
66,-80,4
66,-79,5
66,-78,5
66,-77,6
66,-76,7
66,-75,7
66,-74,8
66,-73,8
66,-72,8
66,-71,8
66,-70,8
66,-69,7
66,-68,6
66,-67,5
66,-66,4
66,-65,3
66,-64,2
66,-63,2
66,-62,1
66,-61,1
66,-60,1
66,71,1
66,72,1
66,73,1
66,74,2
66,75,2
66,76,3
66,77,4
66,78,4
66,79,4
66,80,4
66,81,4
66,82,4
66,83,3
66,84,2
66,85,2
66,86,1
66,87,1
67,-90,1
67,-88,1
67,-87,2
67,-86,2
67,-85,2
67,-84,2
67,-83,3
67,-82,3
67,-81,4
67,-80,4
67,-79,5
67,-78,5
67,-77,6
67,-76,7
67,-75,7
67,-74,8
67,-73,8
67,-72,8
67,-71,8
67,-70,8
67,-69,7
67,-68,6
67,-67,5
67,-66,4
67,-65,3
67,-64,3
67,-63,2
67,-62,1
67,-61,1
67,-60,1
67,71,1
67,72,1
67,73,1
67,74,2
67,75,2
67,76,3
67,77,4
67,78,4
67,79,4
67,80,4
67,81,4
67,82,4
67,83,3
67,84,2
67,85,2
67,86,1
67,87,1
67,88,1
68,-90,1
68,-88,1
68,-87,2
68,-86,2
68,-85,2
68,-84,2
68,-83,3
68,-82,3
68,-81,3
68,-80,4
68,-79,5
68,-78,5
68,-77,6
68,-76,6
68,-75,7
68,-74,8
68,-73,8
68,-72,8
68,-71,8
68,-70,8
68,-69,7
68,-68,7
68,-67,6
68,-66,5
68,-65,4
68,-64,3
68,-63,2
68,-62,1
68,-61,1
68,-60,1
68,71,1
68,72,1
68,73,1
68,74,2
68,75,2
68,76,3
68,77,4
68,78,4
68,79,4
68,80,4
68,81,4
68,82,4
68,83,3
68,84,2
68,85,2
68,86,1
68,87,1
68,88,1
69,-90,1
69,-88,1
69,-87,2
69,-86,2
69,-85,2
69,-84,2
69,-83,3
69,-82,3
69,-81,3
69,-80,4
69,-79,4
69,-78,5
69,-77,6
69,-76,6
69,-75,7
69,-74,8
69,-73,8
69,-72,8
69,-71,8
69,-70,8
69,-69,8
69,-68,7
69,-67,6
69,-66,5
69,-65,4
69,-64,3
69,-63,2
69,-62,1
69,-61,1
69,-60,1
69,71,1
69,72,1
69,73,1
69,74,2
69,75,2
69,76,3
69,77,4
69,78,4
69,79,4
69,80,4
69,81,4
69,82,4
69,83,3
69,84,2
69,85,2
69,86,1
69,87,1
69,88,1
70,-90,1
70,-88,1
70,-87,2
70,-86,2
70,-85,2
70,-84,2
70,-83,3
70,-82,3
70,-81,3
70,-80,4
70,-79,4
70,-78,5
70,-77,6
70,-76,6
70,-75,7
70,-74,8
70,-73,8
70,-72,8
70,-71,8
70,-70,8
70,-69,8
70,-68,7
70,-67,6
70,-66,5
70,-65,4
70,-64,3
70,-63,2
70,-62,2
70,-61,1
70,-60,1
70,70,1
70,71,1
70,72,1
70,73,1
70,74,2
70,75,2
70,76,3
70,77,4
70,78,4
70,79,5
70,80,4
70,81,4
70,82,4
70,83,3
70,84,2
70,85,2
70,86,1
70,87,1
70,88,1
71,-90,1
71,-88,1
71,-87,2
71,-86,2
71,-85,2
71,-84,2
71,-83,3
71,-82,3
71,-81,3
71,-80,4
71,-79,4
71,-78,5
71,-77,5
71,-76,6
71,-75,7
71,-74,7
71,-73,8
71,-72,8
71,-71,8
71,-70,8
71,-69,8
71,-68,7
71,-67,6
71,-66,5
71,-65,4
71,-64,3
71,-63,2
71,-62,2
71,-61,1
71,-60,1
71,70,1
71,71,1
71,72,1
71,73,1
71,74,2
71,75,2
71,76,3
71,77,4
71,78,4
71,79,5
71,80,5
71,81,4
71,82,4
71,83,3
71,84,2
71,85,2
71,86,1
71,87,1
71,88,1
72,-90,1
72,-88,1
72,-87,2
72,-86,2
72,-85,2
72,-84,2
72,-83,3
72,-82,3
72,-81,3
72,-80,4
72,-79,4
72,-78,5
72,-77,5
72,-76,6
72,-75,7
72,-74,7
72,-73,8
72,-72,8
72,-71,8
72,-70,8
72,-69,8
72,-68,7
72,-67,6
72,-66,5
72,-65,4
72,-64,3
72,-63,2
72,-62,2
72,-61,1
72,-60,1
72,70,1
72,71,1
72,72,1
72,73,1
72,74,2
72,75,2
72,76,3
72,77,4
72,78,4
72,79,5
72,80,5
72,81,4
72,82,4
72,83,3
72,84,2
72,85,2
72,86,1
72,87,1
72,88,1
73,-90,1
73,-88,1
73,-87,2
73,-86,2
73,-85,2
73,-84,2
73,-83,2
73,-82,3
73,-81,3
73,-80,3
73,-79,4
73,-78,4
73,-77,5
73,-76,6
73,-75,6
73,-74,7
73,-73,8
73,-72,8
73,-71,8
73,-70,8
73,-69,8
73,-68,7
73,-67,6
73,-66,5
73,-65,4
73,-64,3
73,-63,2
73,-62,2
73,-61,1
73,-60,1
73,-59,1
73,70,1
73,71,1
73,72,1
73,73,1
73,74,2
73,75,2
73,76,3
73,77,4
73,78,4
73,79,5
73,80,5
73,81,4
73,82,4
73,83,3
73,84,2
73,85,2
73,86,1
73,87,1
73,88,1
74,-90,1
74,-88,1
74,-87,2
74,-86,2
74,-85,2
74,-84,2
74,-83,2
74,-82,3
74,-81,3
74,-80,3
74,-79,4
74,-78,4
74,-77,5
74,-76,6
74,-75,6
74,-74,7
74,-73,8
74,-72,8
74,-71,8
74,-70,8
74,-69,8
74,-68,7
74,-67,7
74,-66,6
74,-65,5
74,-64,4
74,-63,3
74,-62,2
74,-61,1
74,-60,1
74,-59,1
74,70,1
74,71,1
74,72,1
74,73,1
74,74,2
74,75,3
74,76,3
74,77,4
74,78,4
74,79,5
74,80,5
74,81,4
74,82,4
74,83,3
74,84,2
74,85,2
74,86,1
74,87,1
74,88,1
75,-90,1
75,-88,1
75,-87,2
75,-86,2
75,-85,2
75,-84,2
75,-83,2
75,-82,3
75,-81,3
75,-80,3
75,-79,4
75,-78,4
75,-77,5
75,-76,5
75,-75,6
75,-74,7
75,-73,7
75,-72,8
75,-71,8
75,-70,8
75,-69,8
75,-68,8
75,-67,7
75,-66,6
75,-65,5
75,-64,4
75,-63,3
75,-62,2
75,-61,1
75,-60,1
75,-59,1
75,70,1
75,71,1
75,72,1
75,73,1
75,74,2
75,75,3
75,76,3
75,77,4
75,78,4
75,79,5
75,80,5
75,81,4
75,82,4
75,83,3
75,84,2
75,85,2
75,86,1
75,87,1
75,88,1
76,-90,1
76,-88,1
76,-87,2
76,-86,2
76,-85,2
76,-84,2
76,-83,2
76,-82,3
76,-81,3
76,-80,3
76,-79,4
76,-78,4
76,-77,4
76,-76,5
76,-75,6
76,-74,6
76,-73,7
76,-72,8
76,-71,8
76,-70,8
76,-69,8
76,-68,8
76,-67,7
76,-66,6
76,-65,5
76,-64,4
76,-63,3
76,-62,2
76,-61,1
76,-60,1
76,-59,1
76,70,1
76,71,1
76,72,1
76,73,1
76,74,2
76,75,3
76,76,3
76,77,4
76,78,4
76,79,5
76,80,5
76,81,4
76,82,4
76,83,3
76,84,2
76,85,2
76,86,1
76,87,1
76,88,1
77,-90,1
77,-88,1
77,-87,2
77,-86,2
77,-85,2
77,-84,2
77,-83,2
77,-82,2
77,-81,3
77,-80,3
77,-79,3
77,-78,4
77,-77,4
77,-76,5
77,-75,6
77,-74,6
77,-73,7
77,-72,7
77,-71,8
77,-70,8
77,-69,8
77,-68,8
77,-67,7
77,-66,6
77,-65,5
77,-64,4
77,-63,3
77,-62,2
77,-61,1
77,-60,1
77,-59,1
77,69,1
77,70,1
77,71,1
77,72,1
77,73,2
77,74,2
77,75,3
77,76,3
77,77,4
77,78,5
77,79,5
77,80,5
77,81,4
77,82,4
77,83,3
77,84,2
77,85,2
77,86,1
77,87,1
77,88,1
78,-90,1
78,-88,1
78,-87,2
78,-86,2
78,-85,2
78,-84,2
78,-83,2
78,-82,2
78,-81,3
78,-80,3
78,-79,3
78,-78,4
78,-77,4
78,-76,5
78,-75,5
78,-74,6
78,-73,7
78,-72,7
78,-71,8
78,-70,8
78,-69,8
78,-68,8
78,-67,7
78,-66,6
78,-65,5
78,-64,4
78,-63,3
78,-62,2
78,-61,2
78,-60,1
78,-59,1
78,69,1
78,70,1
78,71,1
78,72,1
78,73,2
78,74,2
78,75,3
78,76,3
78,77,4
78,78,5
78,79,5
78,80,5
78,81,5
78,82,4
78,83,3
78,84,3
78,85,2
78,86,1
78,87,1
78,88,1
79,-90,1
79,-88,1
79,-87,2
79,-86,2
79,-85,2
79,-84,2
79,-83,2
79,-82,2
79,-81,3
79,-80,3
79,-79,3
79,-78,3
79,-77,4
79,-76,4
79,-75,5
79,-74,6
79,-73,6
79,-72,7
79,-71,8
79,-70,8
79,-69,8
79,-68,8
79,-67,7
79,-66,6
79,-65,5
79,-64,4
79,-63,3
79,-62,2
79,-61,2
79,-60,1
79,-59,1
79,69,1
79,70,1
79,71,1
79,72,1
79,73,2
79,74,2
79,75,3
79,76,3
79,77,4
79,78,5
79,79,5
79,80,5
79,81,5
79,82,4
79,83,3
79,84,3
79,85,2
79,86,1
79,87,1
79,88,1
80,-90,1
80,-88,1
80,-87,2
80,-86,2
80,-85,2
80,-84,2
80,-83,2
80,-82,2
80,-81,2
80,-80,3
80,-79,3
80,-78,3
80,-77,4
80,-76,4
80,-75,5
80,-74,5
80,-73,6
80,-72,7
80,-71,7
80,-70,8
80,-69,8
80,-68,8
80,-67,7
80,-66,6
80,-65,5
80,-64,4
80,-63,3
80,-62,2
80,-61,2
80,-60,1
80,-59,1
80,69,1
80,70,1
80,71,1
80,72,1
80,73,2
80,74,2
80,75,3
80,76,3
80,77,4
80,78,5
80,79,5
80,80,5
80,81,5
80,82,4
80,83,3
80,84,3
80,85,2
80,86,1
80,87,1
80,88,1
81,-90,1
81,-88,1
81,-87,2
81,-86,2
81,-85,2
81,-84,2
81,-83,2
81,-82,2
81,-81,2
81,-80,3
81,-79,3
81,-78,3
81,-77,4
81,-76,4
81,-75,4
81,-74,5
81,-73,6
81,-72,6
81,-71,7
81,-70,7
81,-69,8
81,-68,8
81,-67,7
81,-66,6
81,-65,5
81,-64,4
81,-63,3
81,-62,3
81,-61,2
81,-60,1
81,-59,1
81,-58,1
81,69,1
81,70,1
81,71,1
81,72,1
81,73,2
81,74,2
81,75,3
81,76,4
81,77,4
81,78,5
81,79,5
81,80,5
81,81,5
81,82,4
81,83,3
81,84,3
81,85,2
81,86,1
81,87,1
81,88,1
82,-90,1
82,-88,1
82,-87,2
82,-86,2
82,-85,2
82,-84,2
82,-83,2
82,-82,2
82,-81,2
82,-80,2
82,-79,3
82,-78,3
82,-77,3
82,-76,4
82,-75,4
82,-74,5
82,-73,5
82,-72,6
82,-71,7
82,-70,7
82,-69,7
82,-68,7
82,-67,7
82,-66,6
82,-65,6
82,-64,5
82,-63,4
82,-62,3
82,-61,2
82,-60,1
82,-59,1
82,-58,1
82,69,1
82,70,1
82,71,1
82,72,1
82,73,2
82,74,2
82,75,3
82,76,4
82,77,4
82,78,5
82,79,5
82,80,5
82,81,5
82,82,4
82,83,3
82,84,3
82,85,2
82,86,1
82,87,1
82,88,1
83,-90,1
83,-88,1
83,-87,2
83,-86,2
83,-85,2
83,-84,2
83,-83,2
83,-82,2
83,-81,2
83,-80,2
83,-79,3
83,-78,3
83,-77,3
83,-76,3
83,-75,4
83,-74,4
83,-73,5
83,-72,6
83,-71,6
83,-70,7
83,-69,7
83,-68,7
83,-67,7
83,-66,6
83,-65,6
83,-64,5
83,-63,4
83,-62,3
83,-61,2
83,-60,1
83,-59,1
83,-58,1
83,69,1
83,70,1
83,71,1
83,72,1
83,73,2
83,74,2
83,75,3
83,76,4
83,77,4
83,78,5
83,79,5
83,80,5
83,81,5
83,82,4
83,83,3
83,84,3
83,85,2
83,86,1
83,87,1
83,88,1
84,-90,1
84,-88,1
84,-87,2
84,-86,2
84,-85,2
84,-84,2
84,-83,2
84,-82,2
84,-81,2
84,-80,2
84,-79,2
84,-78,3
84,-77,3
84,-76,3
84,-75,4
84,-74,4
84,-73,5
84,-72,5
84,-71,6
84,-70,6
84,-69,7
84,-68,7
84,-67,7
84,-66,6
84,-65,6
84,-64,5
84,-63,4
84,-62,3
84,-61,2
84,-60,1
84,-59,1
84,-58,1
84,69,1
84,70,1
84,71,1
84,72,1
84,73,2
84,74,2
84,75,3
84,76,4
84,77,4
84,78,5
84,79,5
84,80,5
84,81,5
84,82,4
84,83,3
84,84,3
84,85,2
84,86,1
84,87,1
84,88,1
85,-90,1
85,-88,1
85,-87,1
85,-86,2
85,-85,2
85,-84,2
85,-83,2
85,-82,2
85,-81,2
85,-80,2
85,-79,2
85,-78,3
85,-77,3
85,-76,3
85,-75,3
85,-74,4
85,-73,4
85,-72,5
85,-71,6
85,-70,6
85,-69,7
85,-68,7
85,-67,7
85,-66,6
85,-65,6
85,-64,5
85,-63,4
85,-62,3
85,-61,2
85,-60,2
85,-59,1
85,-58,1
85,68,1
85,69,1
85,70,1
85,71,1
85,72,1
85,73,2
85,74,2
85,75,3
85,76,4
85,77,5
85,78,5
85,79,5
85,80,5
85,81,5
85,82,4
85,83,3
85,84,3
85,85,2
85,86,1
85,87,1
85,88,1
86,-90,1
86,-88,1
86,-87,1
86,-86,2
86,-85,2
86,-84,2
86,-83,2
86,-82,2
86,-81,2
86,-80,2
86,-79,2
86,-78,2
86,-77,3
86,-76,3
86,-75,3
86,-74,4
86,-73,4
86,-72,5
86,-71,5
86,-70,6
86,-69,6
86,-68,7
86,-67,7
86,-66,6
86,-65,6
86,-64,5
86,-63,4
86,-62,3
86,-61,2
86,-60,2
86,-59,1
86,-58,1
86,-57,1
86,68,1
86,69,1
86,70,1
86,71,1
86,72,1
86,73,2
86,74,2
86,75,3
86,76,4
86,77,5
86,78,5
86,79,5
86,80,5
86,81,5
86,82,4
86,83,3
86,84,3
86,85,2
86,86,1
86,87,1
86,88,1
87,-90,1
87,-88,1
87,-87,1
87,-86,2
87,-85,2
87,-84,2
87,-83,2
87,-82,2
87,-81,2
87,-80,2
87,-79,2
87,-78,2
87,-77,2
87,-76,3
87,-75,3
87,-74,3
87,-73,4
87,-72,4
87,-71,5
87,-70,5
87,-69,6
87,-68,6
87,-67,6
87,-66,6
87,-65,6
87,-64,5
87,-63,4
87,-62,3
87,-61,2
87,-60,2
87,-59,1
87,-58,1
87,-57,1
87,68,1
87,69,1
87,70,1
87,71,1
87,72,1
87,73,2
87,74,2
87,75,3
87,76,4
87,77,5
87,78,5
87,79,6
87,80,6
87,81,5
87,82,4
87,83,4
87,84,3
87,85,2
87,86,1
87,87,1
87,88,1
88,-90,1
88,-88,1
88,-87,1
88,-86,2
88,-85,2
88,-84,2
88,-83,2
88,-82,2
88,-81,2
88,-80,2
88,-79,2
88,-78,2
88,-77,2
88,-76,2
88,-75,3
88,-74,3
88,-73,3
88,-72,4
88,-71,4
88,-70,5
88,-69,6
88,-68,6
88,-67,6
88,-66,6
88,-65,6
88,-64,5
88,-63,4
88,-62,3
88,-61,2
88,-60,2
88,-59,1
88,-58,1
88,-57,1
88,68,1
88,69,1
88,70,1
88,71,1
88,72,1
88,73,2
88,74,2
88,75,3
88,76,4
88,77,5
88,78,5
88,79,6
88,80,6
88,81,5
88,82,4
88,83,4
88,84,3
88,85,2
88,86,1
88,87,1
88,88,1
89,-90,1
89,-88,1
89,-87,1
89,-86,2
89,-85,2
89,-84,2
89,-83,2
89,-82,2
89,-81,2
89,-80,2
89,-79,2
89,-78,2
89,-77,2
89,-76,2
89,-75,2
89,-74,3
89,-73,3
89,-72,4
89,-71,4
89,-70,5
89,-69,5
89,-68,6
89,-67,6
89,-66,6
89,-65,5
89,-64,5
89,-63,4
89,-62,3
89,-61,3
89,-60,2
89,-59,1
89,-58,1
89,-57,1
89,68,1
89,69,1
89,70,1
89,71,1
89,72,2
89,73,2
89,74,3
89,75,3
89,76,4
89,77,5
89,78,5
89,79,6
89,80,6
89,81,5
89,82,4
89,83,4
89,84,3
89,85,2
89,86,1
89,87,1
89,88,1
90,-90,1
90,-88,1
90,-87,1
90,-86,2
90,-85,2
90,-84,2
90,-83,2
90,-82,2
90,-81,2
90,-80,2
90,-79,2
90,-78,2
90,-77,2
90,-76,2
90,-75,2
90,-74,3
90,-73,3
90,-72,3
90,-71,4
90,-70,4
90,-69,5
90,-68,5
90,-67,6
90,-66,6
90,-65,5
90,-64,5
90,-63,4
90,-62,3
90,-61,3
90,-60,2
90,-59,1
90,-58,1
90,-57,1
90,68,1
90,69,1
90,70,1
90,71,1
90,72,2
90,73,2
90,74,3
90,75,3
90,76,4
90,77,5
90,78,6
90,79,6
90,80,6
90,81,5
90,82,4
90,83,4
90,84,3
90,85,2
90,86,1
90,87,1
90,88,1
91,-90,1
91,-88,1
91,-87,1
91,-86,1
91,-85,2
91,-84,2
91,-83,2
91,-82,2
91,-81,2
91,-80,2
91,-79,2
91,-78,2
91,-77,2
91,-76,2
91,-75,2
91,-74,2
91,-73,3
91,-72,3
91,-71,3
91,-70,4
91,-69,5
91,-68,5
91,-67,5
91,-66,5
91,-65,5
91,-64,5
91,-63,4
91,-62,3
91,-61,3
91,-60,2
91,-59,1
91,-58,1
91,-57,1
91,-56,1
91,68,1
91,69,1
91,70,1
91,71,1
91,72,2
91,73,2
91,74,3
91,75,3
91,76,4
91,77,5
91,78,6
91,79,6
91,80,6
91,81,5
91,82,5
91,83,4
91,84,3
91,85,2
91,86,1
91,87,1
91,88,1
92,-90,1
92,-88,1
92,-87,1
92,-86,1
92,-85,1
92,-84,1
92,-83,1
92,-82,2
92,-81,2
92,-80,2
92,-79,2
92,-78,2
92,-77,2
92,-76,2
92,-75,2
92,-74,2
92,-73,2
92,-72,3
92,-71,3
92,-70,4
92,-69,4
92,-68,5
92,-67,5
92,-66,5
92,-65,5
92,-64,5
92,-63,4
92,-62,4
92,-61,3
92,-60,2
92,-59,2
92,-58,1
92,-57,1
92,-56,1
92,68,1
92,69,1
92,70,1
92,71,1
92,72,2
92,73,2
92,74,3
92,75,3
92,76,4
92,77,5
92,78,6
92,79,6
92,80,6
92,81,5
92,82,5
92,83,4
92,84,3
92,85,2
92,86,1
92,87,1
92,88,1
93,-90,1
93,-88,1
93,-87,1
93,-86,1
93,-85,1
93,-84,1
93,-83,1
93,-82,1
93,-81,1
93,-80,2
93,-79,2
93,-78,2
93,-77,2
93,-76,2
93,-75,2
93,-74,2
93,-73,2
93,-72,2
93,-71,3
93,-70,3
93,-69,4
93,-68,4
93,-67,5
93,-66,5
93,-65,5
93,-64,5
93,-63,4
93,-62,4
93,-61,3
93,-60,2
93,-59,2
93,-58,1
93,-57,1
93,-56,1
93,68,1
93,69,1
93,70,1
93,71,1
93,72,2
93,73,2
93,74,3
93,75,3
93,76,4
93,77,5
93,78,6
93,79,6
93,80,6
93,81,5
93,82,5
93,83,4
93,84,3
93,85,2
93,86,1
93,87,1
93,88,1
94,-90,1
94,-88,1
94,-87,1
94,-86,1
94,-85,1
94,-84,1
94,-83,1
94,-82,1
94,-81,1
94,-80,1
94,-79,1
94,-78,1
94,-77,2
94,-76,2
94,-75,2
94,-74,2
94,-73,2
94,-72,2
94,-71,3
94,-70,3
94,-69,4
94,-68,4
94,-67,5
94,-66,5
94,-65,5
94,-64,5
94,-63,4
94,-62,4
94,-61,3
94,-60,2
94,-59,2
94,-58,1
94,-57,1
94,-56,1
94,-55,1
94,68,1
94,69,1
94,70,1
94,71,1
94,72,2
94,73,2
94,74,3
94,75,4
94,76,4
94,77,5
94,78,6
94,79,6
94,80,6
94,81,6
94,82,5
94,83,4
94,84,3
94,85,2
94,86,1
94,87,1
94,88,1
95,-90,1
95,-88,1
95,-87,1
95,-86,1
95,-85,1
95,-84,1
95,-83,1
95,-82,1
95,-81,1
95,-80,1
95,-79,1
95,-78,1
95,-77,1
95,-76,1
95,-75,2
95,-74,2
95,-73,2
95,-72,2
95,-71,2
95,-70,3
95,-69,3
95,-68,4
95,-67,4
95,-66,5
95,-65,5
95,-64,5
95,-63,4
95,-62,4
95,-61,3
95,-60,3
95,-59,2
95,-58,1
95,-57,1
95,-56,1
95,-55,1
95,68,1
95,69,1
95,70,1
95,71,1
95,72,2
95,73,2
95,74,3
95,75,4
95,76,4
95,77,5
95,78,6
95,79,6
95,80,6
95,81,6
95,82,5
95,83,4
95,84,3
95,85,2
95,86,1
95,87,1
95,88,1
96,-90,1
96,-88,1
96,-87,1
96,-86,1
96,-85,1
96,-84,1
96,-83,1
96,-82,1
96,-81,1
96,-80,1
96,-79,1
96,-78,1
96,-77,1
96,-76,1
96,-75,1
96,-74,1
96,-73,2
96,-72,2
96,-71,2
96,-70,3
96,-69,3
96,-68,4
96,-67,4
96,-66,4
96,-65,5
96,-64,5
96,-63,4
96,-62,4
96,-61,3
96,-60,3
96,-59,2
96,-58,2
96,-57,1
96,-56,1
96,-55,1
96,68,1
96,69,1
96,70,1
96,71,1
96,72,2
96,73,2
96,74,3
96,75,4
96,76,5
96,77,5
96,78,6
96,79,6
96,80,6
96,81,6
96,82,5
96,83,4
96,84,3
96,85,2
96,86,1
96,87,1
96,88,1
97,-90,1
97,-88,1
97,-87,1
97,-86,1
97,-85,1
97,-84,1
97,-83,1
97,-82,1
97,-81,1
97,-80,1
97,-79,1
97,-78,1
97,-77,1
97,-76,1
97,-75,1
97,-74,1
97,-73,1
97,-72,2
97,-71,2
97,-70,2
97,-69,3
97,-68,3
97,-67,4
97,-66,4
97,-65,5
97,-64,5
97,-63,4
97,-62,4
97,-61,3
97,-60,3
97,-59,2
97,-58,2
97,-57,1
97,-56,1
97,-55,1
97,68,1
97,69,1
97,70,1
97,71,1
97,72,2
97,73,2
97,74,3
97,75,4
97,76,5
97,77,5
97,78,6
97,79,6
97,80,6
97,81,6
97,82,5
97,83,4
97,84,3
97,85,2
97,86,1
97,87,1
97,88,1
98,-90,1
98,-88,1
98,-87,1
98,-86,1
98,-85,1
98,-84,1
98,-83,1
98,-82,1
98,-81,1
98,-80,1
98,-79,1
98,-78,1
98,-77,1
98,-76,1
98,-75,1
98,-74,1
98,-73,1
98,-72,2
98,-71,2
98,-70,2
98,-69,3
98,-68,3
98,-67,4
98,-66,4
98,-65,4
98,-64,5
98,-63,4
98,-62,4
98,-61,4
98,-60,3
98,-59,2
98,-58,2
98,-57,1
98,-56,1
98,-55,1
98,-54,1
98,68,1
98,69,1
98,70,1
98,71,1
98,72,2
98,73,2
98,74,3
98,75,4
98,76,5
98,77,6
98,78,6
98,79,7
98,80,6
98,81,6
98,82,5
98,83,4
98,84,3
98,85,2
98,86,1
98,87,1
99,-90,1
99,-88,1
99,-87,1
99,-86,1
99,-85,1
99,-84,1
99,-83,1
99,-82,1
99,-81,1
99,-80,1
99,-79,1
99,-78,1
99,-77,1
99,-76,1
99,-75,1
99,-74,1
99,-73,1
99,-72,1
99,-71,2
99,-70,2
99,-69,2
99,-68,3
99,-67,3
99,-66,4
99,-65,4
99,-64,5
99,-63,5
99,-62,4
99,-61,4
99,-60,3
99,-59,3
99,-58,2
99,-57,2
99,-56,1
99,-55,1
99,-54,1
99,68,1
99,69,1
99,70,1
99,71,1
99,72,2
99,73,2
99,74,3
99,75,4
99,76,5
99,77,6
99,78,6
99,79,7
99,80,6
99,81,6
99,82,5
99,83,4
99,84,3
99,85,2
99,86,1
99,87,1
100,-90,1
100,-88,1
100,-87,1
100,-86,1
100,-85,1
100,-84,1
100,-83,1
100,-82,1
100,-81,1
100,-80,1
100,-79,1
100,-78,1
100,-77,1
100,-76,1
100,-75,1
100,-74,1
100,-73,1
100,-72,1
100,-71,2
100,-70,2
100,-69,2
100,-68,3
100,-67,3
100,-66,4
100,-65,4
100,-64,5
100,-63,5
100,-62,4
100,-61,4
100,-60,3
100,-59,3
100,-58,2
100,-57,2
100,-56,1
100,-55,1
100,-54,1
100,68,1
100,69,1
100,70,1
100,71,1
100,72,2
100,73,2
100,74,3
100,75,4
100,76,5
100,77,6
100,78,6
100,79,7
100,80,7
100,81,6
100,82,5
100,83,4
100,84,3
100,85,2
100,86,1
100,87,1
101,-90,1
101,-88,1
101,-87,1
101,-86,1
101,-85,1
101,-84,1
101,-83,1
101,-82,1
101,-81,1
101,-80,1
101,-79,1
101,-78,1
101,-77,1
101,-76,1
101,-75,1
101,-74,1
101,-73,1
101,-72,1
101,-71,1
101,-70,2
101,-69,2
101,-68,3
101,-67,3
101,-66,4
101,-65,4
101,-64,5
101,-63,5
101,-62,5
101,-61,4
101,-60,4
101,-59,3
101,-58,2
101,-57,2
101,-56,1
101,-55,1
101,-54,1
101,68,1
101,69,1
101,70,1
101,71,1
101,72,2
101,73,2
101,74,3
101,75,4
101,76,5
101,77,6
101,78,7
101,79,7
101,80,7
101,81,6
101,82,5
101,83,4
101,84,3
101,85,2
101,86,1
101,87,1
102,-90,1
102,-88,1
102,-87,1
102,-86,1
102,-85,1
102,-84,1
102,-83,1
102,-82,1
102,-81,1
102,-80,1
102,-79,1
102,-78,1
102,-77,1
102,-76,1
102,-75,1
102,-74,1
102,-73,1
102,-72,1
102,-71,1
102,-70,2
102,-69,2
102,-68,2
102,-67,3
102,-66,3
102,-65,4
102,-64,5
102,-63,5
102,-62,5
102,-61,4
102,-60,4
102,-59,3
102,-58,3
102,-57,2
102,-56,1
102,-55,1
102,-54,1
102,-53,1
102,68,1
102,69,1
102,70,1
102,71,2
102,72,2
102,73,3
102,74,3
102,75,4
102,76,5
102,77,6
102,78,7
102,79,7
102,80,7
102,81,6
102,82,5
102,83,4
102,84,3
102,85,2
102,86,1
102,87,1
103,-90,1
103,-88,1
103,-87,1
103,-86,1
103,-85,1
103,-84,1
103,-83,1
103,-82,1
103,-81,1
103,-80,1
103,-79,1
103,-78,1
103,-77,1
103,-76,1
103,-75,1
103,-74,1
103,-73,1
103,-72,1
103,-71,1
103,-70,1
103,-69,2
103,-68,2
103,-67,3
103,-66,3
103,-65,4
103,-64,5
103,-63,5
103,-62,5
103,-61,5
103,-60,4
103,-59,3
103,-58,3
103,-57,2
103,-56,2
103,-55,1
103,-54,1
103,-53,1
103,68,1
103,69,1
103,70,1
103,71,2
103,72,2
103,73,3
103,74,3
103,75,4
103,76,5
103,77,6
103,78,7
103,79,7
103,80,7
103,81,6
103,82,5
103,83,4
103,84,3
103,85,2
103,86,1
103,87,1
104,-90,1
104,-88,1
104,-87,1
104,-86,1
104,-85,1
104,-84,1
104,-83,1
104,-82,1
104,-81,1
104,-80,1
104,-79,1
104,-78,1
104,-77,1
104,-76,1
104,-75,1
104,-74,1
104,-73,1
104,-72,1
104,-71,1
104,-70,1
104,-69,2
104,-68,2
104,-67,3
104,-66,3
104,-65,4
104,-64,5
104,-63,5
104,-62,5
104,-61,5
104,-60,4
104,-59,4
104,-58,3
104,-57,2
104,-56,2
104,-55,1
104,-54,1
104,-53,1
104,68,1
104,69,1
104,70,1
104,71,2
104,72,2
104,73,3
104,74,3
104,75,4
104,76,5
104,77,6
104,78,7
104,79,7
104,80,7
104,81,6
104,82,5
104,83,4
104,84,3
104,85,2
104,86,1
104,87,1
105,-90,1
105,-88,1
105,-87,1
105,-86,1
105,-85,1
105,-84,1
105,-83,1
105,-82,1
105,-81,1
105,-80,1
105,-79,1
105,-78,1
105,-77,1
105,-76,1
105,-75,1
105,-74,1
105,-73,1
105,-72,1
105,-71,1
105,-70,1
105,-69,1
105,-68,2
105,-67,2
105,-66,3
105,-65,4
105,-64,5
105,-63,5
105,-62,5
105,-61,5
105,-60,5
105,-59,4
105,-58,3
105,-57,3
105,-56,2
105,-55,1
105,-54,1
105,-53,1
105,68,1
105,69,1
105,70,1
105,71,2
105,72,2
105,73,3
105,74,3
105,75,4
105,76,5
105,77,6
105,78,7
105,79,7
105,80,7
105,81,6
105,82,5
105,83,4
105,84,3
105,85,2
105,86,1
105,87,1
105,88,1
106,-90,1
106,-88,1
106,-87,1
106,-86,1
106,-85,1
106,-84,1
106,-83,1
106,-82,1
106,-81,1
106,-80,1
106,-79,1
106,-78,1
106,-77,1
106,-76,1
106,-75,1
106,-74,1
106,-73,1
106,-72,1
106,-71,1
106,-70,1
106,-69,1
106,-68,2
106,-67,2
106,-66,3
106,-65,4
106,-64,5
106,-63,5
106,-62,5
106,-61,5
106,-60,5
106,-59,4
106,-58,3
106,-57,3
106,-56,2
106,-55,2
106,-54,1
106,-53,1
106,-52,1
106,68,1
106,69,1
106,70,1
106,71,2
106,72,2
106,73,3
106,74,3
106,75,4
106,76,5
106,77,6
106,78,7
106,79,7
106,80,7
106,81,6
106,82,5
106,83,4
106,84,3
106,85,2
106,86,1
106,87,1
106,88,1
107,-90,1
107,-88,1
107,-87,1
107,-86,1
107,-85,1
107,-84,1
107,-83,1
107,-82,1
107,-81,1
107,-80,1
107,-79,1
107,-78,1
107,-77,1
107,-76,1
107,-75,1
107,-74,1
107,-73,1
107,-72,1
107,-71,1
107,-70,1
107,-69,1
107,-68,2
107,-67,2
107,-66,3
107,-65,4
107,-64,5
107,-63,5
107,-62,6
107,-61,6
107,-60,5
107,-59,5
107,-58,4
107,-57,3
107,-56,2
107,-55,2
107,-54,1
107,-53,1
107,-52,1
107,68,1
107,69,1
107,70,1
107,71,2
107,72,2
107,73,3
107,74,3
107,75,4
107,76,5
107,77,6
107,78,7
107,79,7
107,80,7
107,81,6
107,82,5
107,83,4
107,84,3
107,85,2
107,86,1
107,87,1
107,88,1
108,-90,1
108,-88,1
108,-87,1
108,-86,1
108,-85,1
108,-84,1
108,-83,1
108,-82,1
108,-81,1
108,-80,1
108,-79,1
108,-78,1
108,-77,1
108,-76,1
108,-75,1
108,-74,1
108,-73,1
108,-72,1
108,-71,1
108,-70,1
108,-69,1
108,-68,1
108,-67,2
108,-66,3
108,-65,4
108,-64,5
108,-63,5
108,-62,6
108,-61,6
108,-60,6
108,-59,5
108,-58,4
108,-57,3
108,-56,2
108,-55,2
108,-54,1
108,-53,1
108,-52,1
108,68,1
108,69,1
108,70,1
108,71,2
108,72,2
108,73,3
108,74,4
108,75,4
108,76,5
108,77,6
108,78,7
108,79,7
108,80,7
108,81,6
108,82,5
108,83,4
108,84,3
108,85,2
108,86,1
108,87,1
108,88,1
109,-90,1
109,-88,1
109,-87,1
109,-86,1
109,-85,1
109,-84,1
109,-83,1
109,-82,1
109,-81,1
109,-80,1
109,-79,1
109,-78,1
109,-77,1
109,-76,1
109,-75,1
109,-71,1
109,-70,1
109,-69,1
109,-68,1
109,-67,2
109,-66,3
109,-65,4
109,-64,5
109,-63,5
109,-62,6
109,-61,6
109,-60,6
109,-59,5
109,-58,4
109,-57,3
109,-56,3
109,-55,2
109,-54,1
109,-53,1
109,-52,1
109,68,1
109,69,1
109,70,1
109,71,2
109,72,2
109,73,3
109,74,4
109,75,5
109,76,6
109,77,6
109,78,7
109,79,7
109,80,7
109,81,6
109,82,5
109,83,4
109,84,3
109,85,2
109,86,1
109,87,1
109,88,1
110,-90,1
110,-88,1
110,-87,1
110,-86,1
110,-85,1
110,-84,1
110,-83,1
110,-82,1
110,-81,1
110,-80,1
110,-79,1
110,-78,1
110,-77,1
110,-76,1
110,-75,1
110,-71,1
110,-70,1
110,-69,1
110,-68,1
110,-67,2
110,-66,3
110,-65,4
110,-64,5
110,-63,6
110,-62,6
110,-61,6
110,-60,6
110,-59,6
110,-58,5
110,-57,4
110,-56,3
110,-55,2
110,-54,2
110,-53,1
110,-52,1
110,68,1
110,69,1
110,70,1
110,71,2
110,72,2
110,73,3
110,74,4
110,75,5
110,76,6
110,77,7
110,78,7
110,79,7
110,80,7
110,81,6
110,82,5
110,83,4
110,84,3
110,85,2
110,86,1
110,87,1
110,88,1
111,-90,1
111,-88,1
111,-87,1
111,-86,1
111,-85,1
111,-84,1
111,-83,1
111,-82,1
111,-81,1
111,-80,1
111,-79,1
111,-78,1
111,-77,1
111,-76,1
111,-70,1
111,-69,1
111,-68,1
111,-67,2
111,-66,3
111,-65,4
111,-64,5
111,-63,6
111,-62,6
111,-61,7
111,-60,6
111,-59,6
111,-58,5
111,-57,4
111,-56,3
111,-55,2
111,-54,2
111,-53,1
111,-52,1
111,68,1
111,69,1
111,70,1
111,71,2
111,72,2
111,73,3
111,74,4
111,75,5
111,76,6
111,77,7
111,78,7
111,79,7
111,80,7
111,81,6
111,82,5
111,83,4
111,84,3
111,85,2
111,86,1
111,87,1
111,88,1
112,-90,1
112,-88,1
112,-87,1
112,-86,1
112,-85,1
112,-84,1
112,-83,1
112,-82,1
112,-81,1
112,-80,1
112,-79,1
112,-78,1
112,-77,1
112,-76,1
112,-70,1
112,-69,1
112,-68,1
112,-67,2
112,-66,2
112,-65,3
112,-64,5
112,-63,6
112,-62,7
112,-61,7
112,-60,7
112,-59,6
112,-58,5
112,-57,4
112,-56,3
112,-55,2
112,-54,2
112,-53,1
112,-52,1
112,-51,1
112,68,1
112,69,1
112,70,1
112,71,2
112,72,2
112,73,3
112,74,4
112,75,5
112,76,6
112,77,7
112,78,7
112,79,8
112,80,7
112,81,6
112,82,5
112,83,4
112,84,3
112,85,2
112,86,1
112,87,1
112,88,1
113,-90,1
113,-88,1
113,-87,1
113,-86,1
113,-85,1
113,-84,1
113,-83,1
113,-82,1
113,-81,1
113,-80,1
113,-79,1
113,-78,1
113,-77,1
113,-70,1
113,-69,1
113,-68,1
113,-67,2
113,-66,2
113,-65,3
113,-64,5
113,-63,6
113,-62,7
113,-61,7
113,-60,7
113,-59,6
113,-58,6
113,-57,4
113,-56,3
113,-55,3
113,-54,2
113,-53,1
113,-52,1
113,-51,1
113,68,1
113,69,1
113,70,1
113,71,2
113,72,2
113,73,3
113,74,4
113,75,5
113,76,6
113,77,7
113,78,7
113,79,8
113,80,7
113,81,6
113,82,5
113,83,4
113,84,3
113,85,2
113,86,1
113,87,1
113,88,1
114,-90,1
114,-88,1
114,-87,1
114,-86,1
114,-85,1
114,-84,1
114,-83,1
114,-82,1
114,-81,1
114,-80,1
114,-79,1
114,-78,1
114,-70,1
114,-69,1
114,-68,1
114,-67,2
114,-66,2
114,-65,3
114,-64,5
114,-63,6
114,-62,7
114,-61,7
114,-60,7
114,-59,7
114,-58,6
114,-57,5
114,-56,4
114,-55,3
114,-54,2
114,-53,1
114,-52,1
114,-51,1
114,68,1
114,69,1
114,70,1
114,71,2
114,72,2
114,73,3
114,74,4
114,75,5
114,76,6
114,77,7
114,78,7
114,79,8
114,80,7
114,81,6
114,82,5
114,83,4
114,84,3
114,85,2
114,86,1
114,87,1
114,88,1
115,-90,1
115,-88,1
115,-87,1
115,-86,1
115,-85,1
115,-84,1
115,-83,1
115,-82,1
115,-81,1
115,-80,1
115,-69,1
115,-68,1
115,-67,1
115,-66,2
115,-65,3
115,-64,5
115,-63,6
115,-62,7
115,-61,8
115,-60,8
115,-59,7
115,-58,6
115,-57,5
115,-56,4
115,-55,3
115,-54,2
115,-53,1
115,-52,1
115,-51,1
115,68,1
115,69,1
115,70,1
115,71,2
115,72,2
115,73,3
115,74,4
115,75,5
115,76,6
115,77,7
115,78,8
115,79,8
115,80,7
115,81,6
115,82,5
115,83,4
115,84,3
115,85,2
115,86,1
115,87,1
115,88,1
116,-90,1
116,-88,1
116,-87,1
116,-86,1
116,-85,1
116,-84,1
116,-83,1
116,-82,1
116,-81,1
116,-69,1
116,-68,1
116,-67,1
116,-66,2
116,-65,3
116,-64,4
116,-63,6
116,-62,7
116,-61,8
116,-60,8
116,-59,7
116,-58,6
116,-57,5
116,-56,4
116,-55,3
116,-54,2
116,-53,2
116,-52,1
116,-51,1
116,67,1
116,68,1
116,69,1
116,70,1
116,71,2
116,72,2
116,73,3
116,74,4
116,75,5
116,76,6
116,77,7
116,78,8
116,79,8
116,80,7
116,81,6
116,82,5
116,83,4
116,84,3
116,85,2
116,86,1
116,87,1
116,88,1
117,-90,1
117,-88,1
117,-87,1
117,-86,1
117,-85,1
117,-84,1
117,-83,1
117,-82,1
117,-81,1
117,-69,1
117,-68,1
117,-67,1
117,-66,2
117,-65,3
117,-64,4
117,-63,6
117,-62,7
117,-61,8
117,-60,8
117,-59,8
117,-58,7
117,-57,6
117,-56,4
117,-55,3
117,-54,2
117,-53,2
117,-52,1
117,-51,1
117,67,1
117,68,1
117,69,1
117,70,1
117,71,2
117,72,2
117,73,3
117,74,4
117,75,5
117,76,6
117,77,7
117,78,8
117,79,8
117,80,7
117,81,7
117,82,5
117,83,4
117,84,3
117,85,2
117,86,1
117,87,1
117,88,1
118,-90,1
118,-88,1
118,-87,1
118,-86,1
118,-85,1
118,-84,1
118,-83,1
118,-82,1
118,-81,1
118,-69,1
118,-68,1
118,-67,1
118,-66,2
118,-65,3
118,-64,4
118,-63,6
118,-62,7
118,-61,8
118,-60,8
118,-59,8
118,-58,7
118,-57,6
118,-56,5
118,-55,3
118,-54,2
118,-53,2
118,-52,1
118,-51,1
118,-50,1
118,67,1
118,68,1
118,69,1
118,70,1
118,71,2
118,72,3
118,73,3
118,74,4
118,75,5
118,76,6
118,77,7
118,78,8
118,79,8
118,80,7
118,81,7
118,82,5
118,83,4
118,84,3
118,85,2
118,86,1
118,87,1
118,88,1
119,-90,1
119,-88,1
119,-87,1
119,-86,1
119,-85,1
119,-84,1
119,-83,1
119,-82,1
119,-69,1
119,-68,1
119,-67,1
119,-66,2
119,-65,3
119,-64,4
119,-63,6
119,-62,7
119,-61,8
119,-60,8
119,-59,8
119,-58,7
119,-57,6
119,-56,5
119,-55,4
119,-54,3
119,-53,2
119,-52,1
119,-51,1
119,-50,1
119,67,1
119,68,1
119,69,1
119,70,1
119,71,2
119,72,3
119,73,3
119,74,4
119,75,5
119,76,6
119,77,7
119,78,8
119,79,8
119,80,7
119,81,7
119,82,5
119,83,4
119,84,3
119,85,2
119,86,1
119,87,1
119,88,1
120,-90,1
120,-88,1
120,-87,1
120,-86,1
120,-85,1
120,-84,1
120,-83,1
120,-82,1
120,-69,1
120,-68,1
120,-67,1
120,-66,2
120,-65,3
120,-64,4
120,-63,6
120,-62,7
120,-61,8
120,-60,9
120,-59,8
120,-58,7
120,-57,6
120,-56,5
120,-55,4
120,-54,3
120,-53,2
120,-52,1
120,-51,1
120,-50,1
120,67,1
120,68,1
120,69,1
120,70,2
120,71,2
120,72,3
120,73,3
120,74,4
120,75,5
120,76,6
120,77,7
120,78,8
120,79,8
120,80,7
120,81,7
120,82,5
120,83,4
120,84,3
120,85,2
120,86,1
120,87,1
120,88,1
121,-90,1
121,-88,1
121,-87,1
121,-86,1
121,-85,1
121,-84,1
121,-83,1
121,-82,1
121,-69,1
121,-68,1
121,-67,1
121,-66,2
121,-65,3
121,-64,4
121,-63,6
121,-62,7
121,-61,8
121,-60,9
121,-59,8
121,-58,8
121,-57,6
121,-56,5
121,-55,4
121,-54,3
121,-53,2
121,-52,1
121,-51,1
121,-50,1
121,67,1
121,68,1
121,69,1
121,70,2
121,71,2
121,72,3
121,73,3
121,74,4
121,75,5
121,76,7
121,77,7
121,78,8
121,79,8
121,80,7
121,81,7
121,82,5
121,83,4
121,84,3
121,85,2
121,86,1
121,87,1
121,88,1
122,-90,1
122,-88,1
122,-87,1
122,-86,1
122,-85,1
122,-84,1
122,-83,1
122,-82,1
122,-68,1
122,-67,1
122,-66,2
122,-65,3
122,-64,4
122,-63,6
122,-62,7
122,-61,8
122,-60,9
122,-59,8
122,-58,8
122,-57,6
122,-56,5
122,-55,4
122,-54,3
122,-53,2
122,-52,2
122,-51,1
122,-50,1
122,67,1
122,68,1
122,69,1
122,70,2
122,71,2
122,72,3
122,73,4
122,74,4
122,75,6
122,76,7
122,77,7
122,78,8
122,79,8
122,80,8
122,81,7
122,82,5
122,83,4
122,84,3
122,85,2
122,86,1
122,87,1
122,88,1
123,-90,1
123,-88,1
123,-87,1
123,-86,1
123,-85,1
123,-84,1
123,-83,1
123,-82,1
123,-68,1
123,-67,1
123,-66,2
123,-65,3
123,-64,4
123,-63,6
123,-62,7
123,-61,8
123,-60,9
123,-59,9
123,-58,8
123,-57,7
123,-56,5
123,-55,4
123,-54,3
123,-53,2
123,-52,2
123,-51,1
123,-50,1
123,67,1
123,68,1
123,69,1
123,70,2
123,71,2
123,72,3
123,73,4
123,74,5
123,75,6
123,76,7
123,77,8
123,78,8
123,79,8
123,80,8
123,81,7
123,82,5
123,83,4
123,84,3
123,85,2
123,86,1
123,87,1
123,88,1
124,-90,1
124,-88,1
124,-87,1
124,-86,1
124,-85,1
124,-84,1
124,-83,1
124,-82,1
124,-68,1
124,-67,1
124,-66,2
124,-65,3
124,-64,4
124,-63,6
124,-62,7
124,-61,8
124,-60,9
124,-59,9
124,-58,8
124,-57,7
124,-56,5
124,-55,4
124,-54,3
124,-53,2
124,-52,2
124,-51,1
124,-50,1
124,67,1
124,68,1
124,69,1
124,70,2
124,71,2
124,72,3
124,73,4
124,74,5
124,75,6
124,76,7
124,77,8
124,78,8
124,79,8
124,80,8
124,81,6
124,82,5
124,83,4
124,84,3
124,85,2
124,86,1
124,87,1
124,88,1
125,-90,1
125,-88,1
125,-87,1
125,-86,1
125,-85,1
125,-84,1
125,-83,1
125,-68,1
125,-67,1
125,-66,2
125,-65,3
125,-64,4
125,-63,5
125,-62,7
125,-61,8
125,-60,9
125,-59,9
125,-58,8
125,-57,7
125,-56,6
125,-55,4
125,-54,3
125,-53,2
125,-52,2
125,-51,1
125,-50,1
125,67,1
125,68,1
125,69,1
125,70,2
125,71,2
125,72,3
125,73,4
125,74,5
125,75,6
125,76,7
125,77,8
125,78,8
125,79,8
125,80,8
125,81,6
125,82,5
125,83,4
125,84,3
125,85,2
125,86,1
125,87,1
125,88,1
126,-90,1
126,-88,1
126,-87,1
126,-86,1
126,-85,1
126,-84,1
126,-83,1
126,-69,1
126,-68,1
126,-67,1
126,-66,2
126,-65,3
126,-64,4
126,-63,5
126,-62,7
126,-61,8
126,-60,9
126,-59,9
126,-58,8
126,-57,7
126,-56,6
126,-55,4
126,-54,3
126,-53,2
126,-52,2
126,-51,1
126,-50,1
126,67,1
126,68,1
126,69,1
126,70,2
126,71,2
126,72,3
126,73,4
126,74,5
126,75,6
126,76,7
126,77,8
126,78,8
126,79,8
126,80,8
126,81,6
126,82,5
126,83,4
126,84,3
126,85,2
126,86,1
126,87,1
126,88,1
127,-90,1
127,-88,1
127,-87,1
127,-86,1
127,-85,1
127,-84,1
127,-83,1
127,-69,1
127,-68,1
127,-67,1
127,-66,2
127,-65,3
127,-64,4
127,-63,5
127,-62,7
127,-61,8
127,-60,9
127,-59,9
127,-58,8
127,-57,7
127,-56,6
127,-55,5
127,-54,3
127,-53,3
127,-52,2
127,-51,1
127,-50,1
127,67,1
127,68,1
127,69,1
127,70,2
127,71,2
127,72,3
127,73,4
127,74,5
127,75,6
127,76,7
127,77,8
127,78,8
127,79,8
127,80,7
127,81,6
127,82,5
127,83,4
127,84,3
127,85,2
127,86,1
127,87,1
127,88,1
128,-90,1
128,-88,1
128,-87,1
128,-86,1
128,-85,1
128,-84,1
128,-83,1
128,-69,1
128,-68,1
128,-67,1
128,-66,2
128,-65,3
128,-64,4
128,-63,5
128,-62,7
128,-61,8
128,-60,8
128,-59,8
128,-58,8
128,-57,7
128,-56,6
128,-55,5
128,-54,4
128,-53,3
128,-52,2
128,-51,1
128,-50,1
128,67,1
128,68,1
128,69,1
128,70,2
128,71,2
128,72,3
128,73,4
128,74,5
128,75,6
128,76,7
128,77,8
128,78,8
128,79,8
128,80,7
128,81,6
128,82,5
128,83,4
128,84,3
128,85,2
128,86,1
128,87,1
128,88,1
129,-90,1
129,-88,1
129,-87,1
129,-86,1
129,-85,1
129,-84,1
129,-83,1
129,-69,1
129,-68,1
129,-67,1
129,-66,2
129,-65,3
129,-64,4
129,-63,5
129,-62,7
129,-61,8
129,-60,8
129,-59,8
129,-58,8
129,-57,7
129,-56,6
129,-55,5
129,-54,4
129,-53,3
129,-52,2
129,-51,1
129,-50,1
129,67,1
129,68,1
129,69,1
129,70,2
129,71,2
129,72,3
129,73,4
129,74,5
129,75,6
129,76,7
129,77,8
129,78,8
129,79,8
129,80,7
129,81,6
129,82,5
129,83,4
129,84,3
129,85,2
129,86,1
129,87,1
129,88,1
130,-90,1
130,-88,1
130,-87,1
130,-86,1
130,-85,1
130,-84,1
130,-83,1
130,-69,1
130,-68,1
130,-67,1
130,-66,2
130,-65,3
130,-64,4
130,-63,5
130,-62,6
130,-61,7
130,-60,8
130,-59,8
130,-58,8
130,-57,7
130,-56,6
130,-55,5
130,-54,4
130,-53,3
130,-52,2
130,-51,1
130,-50,1
130,-49,1
130,67,1
130,68,1
130,69,1
130,70,2
130,71,2
130,72,3
130,73,4
130,74,5
130,75,6
130,76,7
130,77,8
130,78,8
130,79,8
130,80,7
130,81,6
130,82,5
130,83,4
130,84,3
130,85,2
130,86,1
130,87,1
130,88,1
131,-90,1
131,-88,1
131,-87,1
131,-86,1
131,-85,1
131,-84,1
131,-83,1
131,-69,1
131,-68,1
131,-67,1
131,-66,2
131,-65,3
131,-64,4
131,-63,5
131,-62,6
131,-61,7
131,-60,8
131,-59,8
131,-58,8
131,-57,7
131,-56,6
131,-55,5
131,-54,4
131,-53,3
131,-52,2
131,-51,1
131,-50,1
131,-49,1
131,66,1
131,67,1
131,68,1
131,69,1
131,70,2
131,71,2
131,72,3
131,73,4
131,74,5
131,75,6
131,76,7
131,77,8
131,78,8
131,79,8
131,80,7
131,81,6
131,82,5
131,83,4
131,84,3
131,85,2
131,86,1
131,87,1
131,88,1
132,-90,1
132,-88,1
132,-87,1
132,-86,1
132,-85,1
132,-84,1
132,-83,1
132,-69,1
132,-68,1
132,-67,1
132,-66,2
132,-65,3
132,-64,4
132,-63,5
132,-62,6
132,-61,7
132,-60,8
132,-59,8
132,-58,8
132,-57,7
132,-56,6
132,-55,5
132,-54,4
132,-53,3
132,-52,2
132,-51,1
132,-50,1
132,-49,1
132,66,1
132,67,1
132,68,1
132,69,1
132,70,2
132,71,3
132,72,3
132,73,4
132,74,5
132,75,6
132,76,7
132,77,8
132,78,8
132,79,8
132,80,7
132,81,6
132,82,5
132,83,4
132,84,3
132,85,2
132,86,1
132,87,1
133,-90,1
133,-88,1
133,-87,1
133,-86,1
133,-85,1
133,-84,1
133,-83,1
133,-70,1
133,-69,1
133,-68,1
133,-67,1
133,-66,2
133,-65,3
133,-64,4
133,-63,5
133,-62,6
133,-61,7
133,-60,8
133,-59,8
133,-58,8
133,-57,7
133,-56,6
133,-55,5
133,-54,4
133,-53,3
133,-52,2
133,-51,1
133,-50,1
133,-49,1
133,66,1
133,67,1
133,68,1
133,69,1
133,70,2
133,71,3
133,72,3
133,73,4
133,74,5
133,75,6
133,76,7
133,77,8
133,78,8
133,79,8
133,80,7
133,81,6
133,82,5
133,83,4
133,84,3
133,85,2
133,86,1
133,87,1
134,-90,1
134,-88,1
134,-87,1
134,-86,1
134,-85,1
134,-84,1
134,-83,1
134,-70,1
134,-69,1
134,-68,1
134,-67,1
134,-66,2
134,-65,3
134,-64,4
134,-63,5
134,-62,6
134,-61,7
134,-60,8
134,-59,8
134,-58,8
134,-57,7
134,-56,6
134,-55,5
134,-54,4
134,-53,3
134,-52,2
134,-51,1
134,-50,1
134,-49,1
134,66,1
134,67,1
134,68,1
134,69,1
134,70,2
134,71,3
134,72,3
134,73,4
134,74,5
134,75,6
134,76,7
134,77,8
134,78,8
134,79,8
134,80,7
134,81,6
134,82,5
134,83,4
134,84,3
134,85,2
134,86,1
134,87,1
135,-90,1
135,-88,1
135,-87,1
135,-86,1
135,-85,1
135,-84,1
135,-83,1
135,-70,1
135,-69,1
135,-68,1
135,-67,1
135,-66,2
135,-65,3
135,-64,4
135,-63,5
135,-62,6
135,-61,7
135,-60,7
135,-59,8
135,-58,8
135,-57,7
135,-56,6
135,-55,5
135,-54,4
135,-53,3
135,-52,2
135,-51,1
135,-50,1
135,-49,1
135,66,1
135,67,1
135,68,1
135,69,2
135,70,2
135,71,3
135,72,3
135,73,4
135,74,6
135,75,7
135,76,8
135,77,8
135,78,8
135,79,8
135,80,7
135,81,6
135,82,5
135,83,4
135,84,2
135,85,2
135,86,1
135,87,1
136,-90,1
136,-88,1
136,-87,1
136,-86,1
136,-85,1
136,-84,1
136,-83,1
136,-70,1
136,-69,1
136,-68,1
136,-67,1
136,-66,2
136,-65,3
136,-64,4
136,-63,5
136,-62,6
136,-61,7
136,-60,7
136,-59,8
136,-58,7
136,-57,7
136,-56,6
136,-55,5
136,-54,4
136,-53,3
136,-52,2
136,-51,1
136,-50,1
136,-49,1
136,66,1
136,67,1
136,68,1
136,69,2
136,70,2
136,71,3
136,72,4
136,73,5
136,74,6
136,75,7
136,76,8
136,77,8
136,78,8
136,79,8
136,80,7
136,81,6
136,82,5
136,83,3
136,84,2
136,85,2
136,86,1
136,87,1
137,-90,1
137,-88,1
137,-87,1
137,-86,1
137,-85,1
137,-84,1
137,-83,1
137,-70,1
137,-69,1
137,-68,1
137,-67,1
137,-66,2
137,-65,3
137,-64,4
137,-63,5
137,-62,6
137,-61,7
137,-60,7
137,-59,8
137,-58,7
137,-57,7
137,-56,6
137,-55,5
137,-54,4
137,-53,3
137,-52,2
137,-51,2
137,-50,1
137,-49,1
137,66,1
137,67,1
137,68,1
137,69,2
137,70,2
137,71,3
137,72,4
137,73,5
137,74,6
137,75,7
137,76,8
137,77,8
137,78,8
137,79,8
137,80,7
137,81,6
137,82,5
137,83,3
137,84,2
137,85,2
137,86,1
137,87,1
138,-90,1
138,-88,1
138,-87,1
138,-86,1
138,-85,1
138,-84,1
138,-83,1
138,-70,1
138,-69,1
138,-68,1
138,-67,1
138,-66,2
138,-65,3
138,-64,3
138,-63,5
138,-62,6
138,-61,6
138,-60,7
138,-59,7
138,-58,7
138,-57,7
138,-56,6
138,-55,5
138,-54,4
138,-53,3
138,-52,2
138,-51,2
138,-50,1
138,-49,1
138,66,1
138,67,1
138,68,1
138,69,2
138,70,2
138,71,3
138,72,4
138,73,5
138,74,6
138,75,7
138,76,8
138,77,8
138,78,8
138,79,8
138,80,7
138,81,6
138,82,5
138,83,3
138,84,2
138,85,2
138,86,1
138,87,1
139,-90,1
139,-88,1
139,-87,1
139,-86,1
139,-85,1
139,-84,1
139,-83,1
139,-70,1
139,-69,1
139,-68,1
139,-67,1
139,-66,2
139,-65,3
139,-64,3
139,-63,4
139,-62,5
139,-61,6
139,-60,7
139,-59,7
139,-58,7
139,-57,7
139,-56,6
139,-55,5
139,-54,4
139,-53,3
139,-52,2
139,-51,2
139,-50,1
139,-49,1
139,66,1
139,67,1
139,68,1
139,69,2
139,70,2
139,71,3
139,72,4
139,73,5
139,74,6
139,75,7
139,76,8
139,77,8
139,78,8
139,79,8
139,80,7
139,81,6
139,82,5
139,83,3
139,84,2
139,85,2
139,86,1
139,87,1
140,-90,1
140,-88,1
140,-87,1
140,-86,1
140,-85,1
140,-84,1
140,-83,1
140,-70,1
140,-69,1
140,-68,1
140,-67,1
140,-66,2
140,-65,3
140,-64,3
140,-63,4
140,-62,5
140,-61,6
140,-60,7
140,-59,7
140,-58,7
140,-57,7
140,-56,6
140,-55,5
140,-54,4
140,-53,3
140,-52,2
140,-51,2
140,-50,1
140,-49,1
140,66,1
140,67,1
140,68,1
140,69,2
140,70,2
140,71,3
140,72,4
140,73,5
140,74,6
140,75,7
140,76,8
140,77,8
140,78,8
140,79,8
140,80,7
140,81,6
140,82,4
140,83,3
140,84,2
140,85,2
140,86,1
140,87,1
141,-90,1
141,-88,1
141,-87,1
141,-86,1
141,-85,1
141,-84,1
141,-83,1
141,-70,1
141,-69,1
141,-68,1
141,-67,1
141,-66,2
141,-65,3
141,-64,3
141,-63,4
141,-62,5
141,-61,6
141,-60,7
141,-59,7
141,-58,7
141,-57,7
141,-56,6
141,-55,5
141,-54,4
141,-53,3
141,-52,2
141,-51,2
141,-50,1
141,-49,1
141,66,1
141,67,1
141,68,1
141,69,2
141,70,2
141,71,3
141,72,4
141,73,5
141,74,6
141,75,7
141,76,8
141,77,8
141,78,8
141,79,8
141,80,7
141,81,6
141,82,4
141,83,3
141,84,2
141,85,2
141,86,1
141,87,1
142,-90,1
142,-88,1
142,-87,1
142,-86,1
142,-85,1
142,-84,1
142,-83,1
142,-70,1
142,-69,1
142,-68,1
142,-67,1
142,-66,2
142,-65,3
142,-64,3
142,-63,4
142,-62,5
142,-61,6
142,-60,7
142,-59,7
142,-58,7
142,-57,7
142,-56,6
142,-55,5
142,-54,4
142,-53,3
142,-52,2
142,-51,2
142,-50,1
142,-49,1
142,66,1
142,67,1
142,68,1
142,69,2
142,70,2
142,71,3
142,72,4
142,73,5
142,74,6
142,75,7
142,76,8
142,77,8
142,78,8
142,79,8
142,80,7
142,81,6
142,82,4
142,83,3
142,84,2
142,85,2
142,86,1
142,87,1
143,-90,1
143,-88,1
143,-87,1
143,-86,1
143,-85,1
143,-84,1
143,-83,1
143,-70,1
143,-69,1
143,-68,1
143,-67,2
143,-66,2
143,-65,3
143,-64,3
143,-63,4
143,-62,5
143,-61,6
143,-60,7
143,-59,7
143,-58,7
143,-57,7
143,-56,6
143,-55,5
143,-54,4
143,-53,3
143,-52,2
143,-51,2
143,-50,1
143,66,1
143,67,1
143,68,1
143,69,2
143,70,2
143,71,3
143,72,4
143,73,5
143,74,6
143,75,7
143,76,8
143,77,8
143,78,8
143,79,8
143,80,7
143,81,6
143,82,4
143,83,3
143,84,2
143,85,2
143,86,1
143,87,1
144,-90,1
144,-88,1
144,-87,1
144,-86,1
144,-85,1
144,-84,1
144,-83,1
144,-70,1
144,-69,1
144,-68,1
144,-67,2
144,-66,2
144,-65,3
144,-64,4
144,-63,4
144,-62,5
144,-61,6
144,-60,7
144,-59,7
144,-58,7
144,-57,7
144,-56,6
144,-55,5
144,-54,4
144,-53,3
144,-52,2
144,-51,2
144,-50,1
144,66,1
144,67,1
144,68,1
144,69,2
144,70,2
144,71,3
144,72,4
144,73,5
144,74,6
144,75,7
144,76,8
144,77,8
144,78,8
144,79,8
144,80,7
144,81,5
144,82,4
144,83,3
144,84,2
144,85,1
144,86,1
144,87,1
145,-90,1
145,-88,1
145,-87,1
145,-86,1
145,-85,1
145,-84,1
145,-83,1
145,-70,1
145,-69,1
145,-68,1
145,-67,2
145,-66,2
145,-65,3
145,-64,4
145,-63,4
145,-62,5
145,-61,6
145,-60,7
145,-59,8
145,-58,8
145,-57,7
145,-56,6
145,-55,6
145,-54,4
145,-53,3
145,-52,2
145,-51,2
145,-50,1
145,66,1
145,67,1
145,68,1
145,69,2
145,70,3
145,71,3
145,72,4
145,73,5
145,74,6
145,75,7
145,76,8
145,77,8
145,78,8
145,79,8
145,80,7
145,81,5
145,82,4
145,83,3
145,84,2
145,85,1
145,86,1
145,87,1
146,-90,1
146,-88,1
146,-87,1
146,-86,1
146,-85,1
146,-84,1
146,-83,1
146,-70,1
146,-69,1
146,-68,1
146,-67,2
146,-66,2
146,-65,3
146,-64,4
146,-63,5
146,-62,5
146,-61,6
146,-60,7
146,-59,8
146,-58,8
146,-57,7
146,-56,7
146,-55,6
146,-54,4
146,-53,3
146,-52,2
146,-51,2
146,-50,1
146,66,1
146,67,1
146,68,1
146,69,2
146,70,3
146,71,3
146,72,4
146,73,5
146,74,6
146,75,7
146,76,8
146,77,8
146,78,8
146,79,7
146,80,6
146,81,5
146,82,4
146,83,3
146,84,2
146,85,1
146,86,1
146,87,1
147,-90,1
147,-88,1
147,-87,1
147,-86,1
147,-85,1
147,-84,1
147,-83,1
147,-70,1
147,-69,1
147,-68,1
147,-67,2
147,-66,2
147,-65,3
147,-64,4
147,-63,5
147,-62,6
147,-61,6
147,-60,7
147,-59,8
147,-58,8
147,-57,7
147,-56,7
147,-55,6
147,-54,5
147,-53,3
147,-52,2
147,-51,2
147,-50,1
147,66,1
147,67,1
147,68,1
147,69,2
147,70,3
147,71,3
147,72,4
147,73,5
147,74,6
147,75,7
147,76,8
147,77,8
147,78,8
147,79,7
147,80,6
147,81,5
147,82,4
147,83,3
147,84,2
147,85,1
147,86,1
147,87,1
148,-88,1
148,-87,1
148,-86,1
148,-85,1
148,-84,1
148,-83,1
148,-71,1
148,-70,1
148,-69,1
148,-68,1
148,-67,2
148,-66,2
148,-65,3
148,-64,4
148,-63,5
148,-62,6
148,-61,7
148,-60,7
148,-59,8
148,-58,8
148,-57,7
148,-56,7
148,-55,6
148,-54,5
148,-53,3
148,-52,2
148,-51,2
148,-50,1
148,66,1
148,67,1
148,68,1
148,69,2
148,70,3
148,71,4
148,72,5
148,73,6
148,74,7
148,75,7
148,76,8
148,77,8
148,78,8
148,79,7
148,80,6
148,81,5
148,82,4
148,83,3
148,84,2
148,85,1
148,86,1
148,87,1
149,-88,1
149,-87,1
149,-86,1
149,-85,1
149,-84,1
149,-71,1
149,-70,1
149,-69,1
149,-68,1
149,-67,2
149,-66,2
149,-65,3
149,-64,4
149,-63,5
149,-62,6
149,-61,7
149,-60,7
149,-59,8
149,-58,8
149,-57,8
149,-56,7
149,-55,6
149,-54,5
149,-53,3
149,-52,2
149,-51,2
149,-50,1
149,66,1
149,67,1
149,68,1
149,69,2
149,70,3
149,71,4
149,72,5
149,73,6
149,74,7
149,75,7
149,76,8
149,77,8
149,78,8
149,79,7
149,80,6
149,81,5
149,82,4
149,83,3
149,84,2
149,85,1
149,86,1
149,87,1
150,-87,1
150,-86,1
150,-85,1
150,-84,1
150,-71,1
150,-70,1
150,-69,1
150,-68,1
150,-67,2
150,-66,2
150,-65,3
150,-64,4
150,-63,5
150,-62,6
150,-61,7
150,-60,8
150,-59,8
150,-58,8
150,-57,8
150,-56,7
150,-55,6
150,-54,5
150,-53,3
150,-52,2
150,-51,1
150,-50,1
150,66,1
150,67,1
150,68,2
150,69,2
150,70,3
150,71,4
150,72,5
150,73,6
150,74,7
150,75,7
150,76,8
150,77,8
150,78,8
150,79,7
150,80,6
150,81,5
150,82,4
150,83,3
150,84,2
150,85,1
150,86,1
150,87,1
151,-86,1
151,-85,1
151,-84,1
151,-71,1
151,-70,1
151,-69,1
151,-68,1
151,-67,2
151,-66,2
151,-65,3
151,-64,4
151,-63,5
151,-62,6
151,-61,7
151,-60,8
151,-59,8
151,-58,8
151,-57,8
151,-56,7
151,-55,6
151,-54,5
151,-53,3
151,-52,2
151,-51,1
151,-50,1
151,66,1
151,67,1
151,68,2
151,69,2
151,70,3
151,71,4
151,72,5
151,73,6
151,74,7
151,75,8
151,76,8
151,77,8
151,78,8
151,79,7
151,80,6
151,81,5
151,82,4
151,83,3
151,84,2
151,85,1
151,86,1
151,87,1
152,-86,1
152,-85,1
152,-84,1
152,-71,1
152,-70,1
152,-69,1
152,-68,1
152,-67,2
152,-66,3
152,-65,3
152,-64,4
152,-63,5
152,-62,6
152,-61,7
152,-60,8
152,-59,8
152,-58,8
152,-57,8
152,-56,7
152,-55,6
152,-54,5
152,-53,3
152,-52,2
152,-51,1
152,-50,1
152,66,1
152,67,1
152,68,2
152,69,2
152,70,3
152,71,4
152,72,5
152,73,6
152,74,7
152,75,8
152,76,8
152,77,8
152,78,8
152,79,7
152,80,6
152,81,5
152,82,4
152,83,3
152,84,2
152,85,1
152,86,1
152,87,1
153,-86,1
153,-85,1
153,-84,1
153,-71,1
153,-70,1
153,-69,1
153,-68,2
153,-67,2
153,-66,3
153,-65,3
153,-64,4
153,-63,5
153,-62,6
153,-61,7
153,-60,8
153,-59,9
153,-58,9
153,-57,8
153,-56,7
153,-55,6
153,-54,5
153,-53,3
153,-52,2
153,-51,1
153,-50,1
153,66,1
153,67,1
153,68,2
153,69,2
153,70,3
153,71,4
153,72,5
153,73,6
153,74,7
153,75,8
153,76,8
153,77,8
153,78,8
153,79,7
153,80,6
153,81,5
153,82,4
153,83,3
153,84,2
153,85,1
153,86,1
153,87,1
154,-86,1
154,-85,1
154,-84,1
154,-71,1
154,-70,1
154,-69,1
154,-68,2
154,-67,2
154,-66,3
154,-65,4
154,-64,5
154,-63,6
154,-62,7
154,-61,8
154,-60,8
154,-59,9
154,-58,9
154,-57,8
154,-56,7
154,-55,6
154,-54,5
154,-53,3
154,-52,2
154,-51,1
154,-50,1
154,66,1
154,67,1
154,68,2
154,69,2
154,70,3
154,71,4
154,72,5
154,73,6
154,74,7
154,75,8
154,76,8
154,77,8
154,78,7
154,79,7
154,80,6
154,81,5
154,82,3
154,83,3
154,84,2
154,85,1
154,86,1
154,87,1
155,-86,1
155,-85,1
155,-84,1
155,-71,1
155,-70,1
155,-69,1
155,-68,2
155,-67,2
155,-66,3
155,-65,4
155,-64,5
155,-63,6
155,-62,7
155,-61,8
155,-60,9
155,-59,9
155,-58,9
155,-57,8
155,-56,7
155,-55,6
155,-54,5
155,-53,3
155,-52,2
155,-51,1
155,-50,1
155,66,1
155,67,1
155,68,2
155,69,2
155,70,3
155,71,4
155,72,5
155,73,6
155,74,7
155,75,8
155,76,8
155,77,8
155,78,7
155,79,7
155,80,6
155,81,4
155,82,3
155,83,2
155,84,2
155,85,1
155,86,1
155,87,1
156,-86,1
156,-85,1
156,-84,1
156,-72,1
156,-71,1
156,-70,1
156,-69,1
156,-68,2
156,-67,2
156,-66,3
156,-65,4
156,-64,5
156,-63,6
156,-62,7
156,-61,8
156,-60,9
156,-59,9
156,-58,9
156,-57,8
156,-56,7
156,-55,6
156,-54,5
156,-53,3
156,-52,2
156,-51,1
156,-50,1
156,66,1
156,67,1
156,68,2
156,69,2
156,70,3
156,71,4
156,72,5
156,73,6
156,74,7
156,75,8
156,76,8
156,77,8
156,78,7
156,79,7
156,80,5
156,81,4
156,82,3
156,83,2
156,84,2
156,85,1
156,86,1
156,87,1
157,-86,1
157,-85,1
157,-84,1
157,-72,1
157,-71,1
157,-70,1
157,-69,1
157,-68,2
157,-67,2
157,-66,3
157,-65,4
157,-64,5
157,-63,6
157,-62,7
157,-61,8
157,-60,9
157,-59,9
157,-58,9
157,-57,8
157,-56,7
157,-55,6
157,-54,4
157,-53,3
157,-52,2
157,-51,1
157,-50,1
157,66,1
157,67,1
157,68,2
157,69,3
157,70,3
157,71,4
157,72,5
157,73,6
157,74,7
157,75,8
157,76,8
157,77,8
157,78,7
157,79,6
157,80,5
157,81,4
157,82,3
157,83,2
157,84,2
157,85,1
157,86,1
157,87,1
158,-86,1
158,-85,1
158,-84,1
158,-72,1
158,-71,1
158,-70,1
158,-69,1
158,-68,2
158,-67,3
158,-66,3
158,-65,4
158,-64,5
158,-63,7
158,-62,8
158,-61,9
158,-60,9
158,-59,10
158,-58,9
158,-57,8
158,-56,7
158,-55,6
158,-54,4
158,-53,3
158,-52,2
158,-51,1
158,-50,1
158,66,1
158,67,1
158,68,2
158,69,3
158,70,3
158,71,4
158,72,5
158,73,6
158,74,7
158,75,8
158,76,8
158,77,8
158,78,7
158,79,6
158,80,5
158,81,4
158,82,3
158,83,2
158,84,2
158,85,1
158,86,1
158,87,1
159,-86,1
159,-85,1
159,-84,1
159,-83,1
159,-72,1
159,-71,1
159,-70,1
159,-69,2
159,-68,2
159,-67,3
159,-66,4
159,-65,5
159,-64,6
159,-63,7
159,-62,8
159,-61,9
159,-60,10
159,-59,10
159,-58,9
159,-57,8
159,-56,7
159,-55,6
159,-54,4
159,-53,3
159,-52,2
159,-51,1
159,-50,1
159,66,1
159,67,1
159,68,2
159,69,3
159,70,4
159,71,5
159,72,6
159,73,7
159,74,7
159,75,8
159,76,8
159,77,8
159,78,7
159,79,6
159,80,5
159,81,4
159,82,3
159,83,2
159,84,2
159,85,1
159,86,1
159,87,1
160,-86,1
160,-85,1
160,-84,1
160,-83,1
160,-72,1
160,-71,1
160,-70,1
160,-69,2
160,-68,2
160,-67,3
160,-66,4
160,-65,5
160,-64,6
160,-63,7
160,-62,8
160,-61,9
160,-60,10
160,-59,10
160,-58,9
160,-57,8
160,-56,7
160,-55,6
160,-54,4
160,-53,3
160,-52,2
160,-51,1
160,66,1
160,67,1
160,68,2
160,69,3
160,70,4
160,71,5
160,72,6
160,73,7
160,74,7
160,75,8
160,76,8
160,77,8
160,78,7
160,79,6
160,80,5
160,81,4
160,82,3
160,83,2
160,84,2
160,85,1
160,86,1
160,87,1
161,-86,1
161,-85,1
161,-84,1
161,-83,1
161,-73,1
161,-72,1
161,-71,1
161,-70,1
161,-69,2
161,-68,2
161,-67,3
161,-66,4
161,-65,5
161,-64,6
161,-63,7
161,-62,9
161,-61,10
161,-60,10
161,-59,10
161,-58,10
161,-57,9
161,-56,7
161,-55,6
161,-54,4
161,-53,3
161,-52,2
161,-51,1
161,66,1
161,67,1
161,68,2
161,69,3
161,70,4
161,71,5
161,72,6
161,73,7
161,74,7
161,75,8
161,76,8
161,77,7
161,78,7
161,79,6
161,80,5
161,81,4
161,82,3
161,83,2
161,84,2
161,85,1
161,86,1
161,87,1
162,-86,1
162,-85,1
162,-84,1
162,-83,1
162,-73,1
162,-72,1
162,-71,1
162,-70,1
162,-69,2
162,-68,3
162,-67,3
162,-66,4
162,-65,5
162,-64,7
162,-63,8
162,-62,9
162,-61,10
162,-60,10
162,-59,10
162,-58,10
162,-57,9
162,-56,7
162,-55,6
162,-54,4
162,-53,3
162,-52,2
162,-51,1
162,66,1
162,67,1
162,68,2
162,69,3
162,70,4
162,71,5
162,72,6
162,73,7
162,74,7
162,75,8
162,76,8
162,77,7
162,78,7
162,79,6
162,80,5
162,81,4
162,82,3
162,83,2
162,84,1
162,85,1
162,86,1
162,87,1
163,-86,1
163,-85,1
163,-84,1
163,-83,1
163,-73,1
163,-72,1
163,-71,1
163,-70,1
163,-69,2
163,-68,3
163,-67,4
163,-66,5
163,-65,6
163,-64,7
163,-63,8
163,-62,9
163,-61,10
163,-60,11
163,-59,10
163,-58,10
163,-57,9
163,-56,7
163,-55,6
163,-54,4
163,-53,3
163,-52,2
163,-51,1
163,65,1
163,66,1
163,67,2
163,68,2
163,69,3
163,70,4
163,71,5
163,72,6
163,73,7
163,74,8
163,75,8
163,76,8
163,77,7
163,78,7
163,79,6
163,80,5
163,81,4
163,82,3
163,83,2
163,84,1
163,85,1
163,86,1
163,87,1
164,-86,1
164,-85,1
164,-84,1
164,-83,1
164,-74,1
164,-73,1
164,-72,1
164,-71,1
164,-70,2
164,-69,2
164,-68,3
164,-67,4
164,-66,5
164,-65,6
164,-64,7
164,-63,9
164,-62,10
164,-61,10
164,-60,11
164,-59,11
164,-58,10
164,-57,9
164,-56,7
164,-55,5
164,-54,4
164,-53,3
164,-52,2
164,-51,1
164,65,1
164,66,1
164,67,2
164,68,2
164,69,3
164,70,4
164,71,5
164,72,6
164,73,7
164,74,8
164,75,8
164,76,8
164,77,7
164,78,7
164,79,6
164,80,5
164,81,4
164,82,3
164,83,2
164,84,1
164,85,1
164,86,1
164,87,1
165,-86,1
165,-85,1
165,-84,1
165,-83,1
165,-74,1
165,-73,1
165,-72,1
165,-71,1
165,-70,2
165,-69,2
165,-68,3
165,-67,4
165,-66,5
165,-65,6
165,-64,8
165,-63,9
165,-62,10
165,-61,11
165,-60,11
165,-59,11
165,-58,10
165,-57,8
165,-56,7
165,-55,5
165,-54,4
165,-53,3
165,-52,2
165,-51,1
165,65,1
165,66,1
165,67,2
165,68,2
165,69,3
165,70,4
165,71,5
165,72,6
165,73,7
165,74,8
165,75,8
165,76,8
165,77,7
165,78,6
165,79,6
165,80,5
165,81,4
165,82,3
165,83,2
165,84,1
165,85,1
165,86,1
165,87,1
166,-86,1
166,-85,1
166,-84,1
166,-83,1
166,-74,1
166,-73,1
166,-72,1
166,-71,1
166,-70,2
166,-69,2
166,-68,3
166,-67,4
166,-66,5
166,-65,7
166,-64,8
166,-63,9
166,-62,10
166,-61,11
166,-60,11
166,-59,11
166,-58,10
166,-57,8
166,-56,7
166,-55,5
166,-54,4
166,-53,2
166,-52,1
166,-51,1
166,65,1
166,66,1
166,67,2
166,68,2
166,69,3
166,70,4
166,71,5
166,72,6
166,73,7
166,74,8
166,75,8
166,76,8
166,77,7
166,78,6
166,79,5
166,80,4
166,81,3
166,82,3
166,83,2
166,84,1
166,85,1
166,86,1
166,87,1
167,-86,1
167,-85,1
167,-84,1
167,-83,1
167,-74,1
167,-73,1
167,-72,1
167,-71,1
167,-70,2
167,-69,3
167,-68,4
167,-67,5
167,-66,6
167,-65,7
167,-64,9
167,-63,10
167,-62,11
167,-61,11
167,-60,11
167,-59,11
167,-58,10
167,-57,8
167,-56,7
167,-55,5
167,-54,4
167,-53,2
167,-52,1
167,-51,1
167,65,1
167,66,1
167,67,2
167,68,3
167,69,4
167,70,5
167,71,6
167,72,7
167,73,7
167,74,8
167,75,8
167,76,8
167,77,7
167,78,6
167,79,5
167,80,4
167,81,3
167,82,3
167,83,2
167,84,1
167,85,1
167,86,1
167,87,1
168,-86,1
168,-85,1
168,-84,1
168,-83,1
168,-75,1
168,-74,1
168,-73,1
168,-72,1
168,-71,2
168,-70,2
168,-69,3
168,-68,4
168,-67,5
168,-66,6
168,-65,8
168,-64,9
168,-63,10
168,-62,11
168,-61,12
168,-60,12
168,-59,11
168,-58,10
168,-57,8
168,-56,7
168,-55,5
168,-54,3
168,-53,2
168,-52,1
168,-51,1
168,65,1
168,66,1
168,67,2
168,68,3
168,69,4
168,70,5
168,71,6
168,72,7
168,73,7
168,74,8
168,75,8
168,76,7
168,77,7
168,78,6
168,79,5
168,80,4
168,81,3
168,82,2
168,83,2
168,84,1
168,85,1
168,86,1
168,87,1
169,-86,1
169,-85,1
169,-84,1
169,-83,1
169,-75,1
169,-74,1
169,-73,1
169,-72,1
169,-71,2
169,-70,2
169,-69,3
169,-68,4
169,-67,5
169,-66,7
169,-65,8
169,-64,9
169,-63,11
169,-62,12
169,-61,12
169,-60,12
169,-59,11
169,-58,10
169,-57,8
169,-56,6
169,-55,5
169,-54,3
169,-53,2
169,-52,1
169,-51,1
169,65,1
169,66,1
169,67,2
169,68,3
169,69,4
169,70,5
169,71,6
169,72,7
169,73,7
169,74,8
169,75,8
169,76,7
169,77,7
169,78,6
169,79,5
169,80,4
169,81,3
169,82,2
169,83,2
169,84,1
169,85,1
169,86,1
169,87,1
170,-85,1
170,-84,1
170,-83,1
170,-75,1
170,-74,1
170,-73,1
170,-72,1
170,-71,2
170,-70,2
170,-69,3
170,-68,4
170,-67,6
170,-66,7
170,-65,9
170,-64,10
170,-63,11
170,-62,12
170,-61,12
170,-60,12
170,-59,11
170,-58,10
170,-57,8
170,-56,6
170,-55,5
170,-54,3
170,-53,2
170,-52,1
170,65,1
170,66,1
170,67,2
170,68,3
170,69,4
170,70,5
170,71,6
170,72,7
170,73,8
170,74,8
170,75,8
170,76,7
170,77,7
170,78,6
170,79,5
170,80,4
170,81,3
170,82,2
170,83,2
170,84,1
170,85,1
170,86,1
170,87,1
171,-85,1
171,-84,1
171,-83,1
171,-76,1
171,-75,1
171,-74,1
171,-73,1
171,-72,1
171,-71,2
171,-70,3
171,-69,4
171,-68,5
171,-67,6
171,-66,8
171,-65,9
171,-64,10
171,-63,12
171,-62,12
171,-61,13
171,-60,12
171,-59,11
171,-58,10
171,-57,8
171,-56,6
171,-55,4
171,-54,3
171,-53,2
171,-52,1
171,65,1
171,66,1
171,67,2
171,68,3
171,69,4
171,70,5
171,71,6
171,72,7
171,73,8
171,74,8
171,75,8
171,76,7
171,77,7
171,78,6
171,79,5
171,80,4
171,81,3
171,82,2
171,83,2
171,84,1
171,85,1
171,86,1
171,87,1
172,-84,1
172,-83,1
172,-76,1
172,-75,1
172,-74,1
172,-73,1
172,-72,2
172,-71,2
172,-70,3
172,-69,4
172,-68,5
172,-67,7
172,-66,8
172,-65,10
172,-64,11
172,-63,12
172,-62,13
172,-61,13
172,-60,12
172,-59,11
172,-58,10
172,-57,8
172,-56,6
172,-55,4
172,-54,3
172,-53,2
172,-52,1
172,65,1
172,66,1
172,67,2
172,68,3
172,69,4
172,70,5
172,71,6
172,72,7
172,73,8
172,74,8
172,75,8
172,76,7
172,77,6
172,78,6
172,79,5
172,80,4
172,81,3
172,82,2
172,83,2
172,84,1
172,85,1
172,86,1
172,87,1
173,-76,1
173,-75,1
173,-74,1
173,-73,1
173,-72,2
173,-71,2
173,-70,3
173,-69,4
173,-68,6
173,-67,7
173,-66,9
173,-65,10
173,-64,11
173,-63,12
173,-62,13
173,-61,13
173,-60,12
173,-59,11
173,-58,9
173,-57,8
173,-56,6
173,-55,4
173,-54,3
173,-53,2
173,-52,1
173,65,1
173,66,2
173,67,2
173,68,3
173,69,4
173,70,6
173,71,7
173,72,7
173,73,8
173,74,8
173,75,8
173,76,7
173,77,6
173,78,5
173,79,5
173,80,4
173,81,3
173,82,2
173,83,2
173,84,1
173,85,1
173,86,1
173,87,1
174,-76,1
174,-75,1
174,-74,1
174,-73,1
174,-72,2
174,-71,3
174,-70,3
174,-69,5
174,-68,6
174,-67,7
174,-66,9
174,-65,11
174,-64,12
174,-63,13
174,-62,13
174,-61,13
174,-60,12
174,-59,11
174,-58,9
174,-57,7
174,-56,6
174,-55,4
174,-54,2
174,-53,1
174,-52,1
174,64,1
174,65,1
174,66,2
174,67,2
174,68,3
174,69,5
174,70,6
174,71,7
174,72,7
174,73,8
174,74,8
174,75,8
174,76,7
174,77,6
174,78,5
174,79,4
174,80,4
174,81,3
174,82,2
174,83,2
174,84,1
174,85,1
174,86,1
174,87,1
175,-77,1
175,-76,1
175,-75,1
175,-74,1
175,-73,1
175,-72,2
175,-71,3
175,-70,4
175,-69,5
175,-68,6
175,-67,8
175,-66,10
175,-65,11
175,-64,12
175,-63,13
175,-62,14
175,-61,13
175,-60,12
175,-59,11
175,-58,9
175,-57,7
175,-56,5
175,-55,4
175,-54,2
175,-53,1
175,-52,1
175,64,1
175,65,1
175,66,2
175,67,3
175,68,4
175,69,5
175,70,6
175,71,7
175,72,8
175,73,8
175,74,8
175,75,8
175,76,7
175,77,6
175,78,5
175,79,4
175,80,3
175,81,3
175,82,2
175,83,2
175,84,1
175,85,1
175,86,1
175,87,1
176,-77,1
176,-76,1
176,-75,1
176,-74,1
176,-73,2
176,-72,2
176,-71,3
176,-70,4
176,-69,5
176,-68,7
176,-67,8
176,-66,10
176,-65,12
176,-64,13
176,-63,14
176,-62,14
176,-61,13
176,-60,12
176,-59,11
176,-58,9
176,-57,7
176,-56,5
176,-55,3
176,-54,2
176,-53,1
176,-52,1
176,64,1
176,65,1
176,66,2
176,67,3
176,68,4
176,69,5
176,70,6
176,71,7
176,72,8
176,73,8
176,74,8
176,75,8
176,76,7
176,77,6
176,78,5
176,79,4
176,80,3
176,81,3
176,82,2
176,83,1
176,84,1
176,85,1
176,86,1
176,87,1
177,-78,1
177,-77,1
177,-76,1
177,-75,1
177,-74,1
177,-73,2
177,-72,2
177,-71,3
177,-70,4
177,-69,6
177,-68,7
177,-67,9
177,-66,11
177,-65,12
177,-64,13
177,-63,14
177,-62,14
177,-61,14
177,-60,12
177,-59,11
177,-58,9
177,-57,7
177,-56,5
177,-55,3
177,-54,2
177,-53,1
177,64,1
177,65,1
177,66,2
177,67,3
177,68,4
177,69,5
177,70,6
177,71,7
177,72,8
177,73,8
177,74,8
177,75,7
177,76,7
177,77,6
177,78,5
177,79,4
177,80,3
177,81,3
177,82,2
177,83,1
177,84,1
177,85,1
177,86,1
177,87,1
178,-78,1
178,-77,1
178,-76,1
178,-75,1
178,-74,1
178,-73,2
178,-72,3
178,-71,4
178,-70,5
178,-69,6
178,-68,8
178,-67,9
178,-66,11
178,-65,13
178,-64,14
178,-63,14
178,-62,14
178,-61,14
178,-60,12
178,-59,11
178,-58,8
178,-57,6
178,-56,5
178,-55,3
178,-54,2
178,-53,1
178,64,1
178,65,1
178,66,2
178,67,3
178,68,4
178,69,5
178,70,6
178,71,7
178,72,8
178,73,8
178,74,8
178,75,7
178,76,7
178,77,6
178,78,5
178,79,4
178,80,3
178,81,2
178,82,2
178,83,1
178,84,1
178,85,1
178,86,1
179,-79,1
179,-78,1
179,-77,1
179,-76,1
179,-75,1
179,-74,2
179,-73,2
179,-72,3
179,-71,4
179,-70,5
179,-69,7
179,-68,8
179,-67,10
179,-66,12
179,-65,13
179,-64,14
179,-63,15
179,-62,14
179,-61,14
179,-60,12
179,-59,10
179,-58,8
179,-57,6
179,-56,4
179,-55,3
179,-54,2
179,-53,1
179,64,1
179,65,1
179,66,2
179,67,3
179,68,4
179,69,6
179,70,7
179,71,7
179,72,8
179,73,8
179,74,8
179,75,7
179,76,7
179,77,6
179,78,5
179,79,4
179,80,3
179,81,2
179,82,2
179,83,1
179,84,1
179,85,1
180,-79,1
180,-78,1
180,-77,1
180,-76,1
180,-75,1
180,-74,2
180,-73,2
180,-72,3
180,-71,4
180,-70,5
180,-69,7
180,-68,9
180,-67,10
180,-66,12
180,-65,13
180,-64,14
180,-63,15
180,-62,15
180,-61,14
180,-60,12
180,-59,10
180,-58,8
180,-57,6
180,-56,4
180,-55,3
180,-54,2
180,-53,1
180,64,1
180,65,2
180,66,2
180,67,3
180,68,5
180,69,6
180,70,7
180,71,8
180,72,8
180,73,8
180,74,8
180,75,7
180,76,6
180,77,6
180,78,5
180,79,4
180,80,3
180,81,2
180,82,2
180,83,1
180,84,1
180,85,1
-179,-83,1
-179,-82,1
-179,-81,1
-179,-80,1
-179,-79,1
-179,-78,1
-179,-77,1
-179,-76,1
-179,-75,1
-179,-74,2
-179,-73,3
-179,-72,4
-179,-71,5
-179,-70,6
-179,-69,8
-179,-68,10
-179,-67,11
-179,-66,13
-179,-65,14
-179,-64,15
-179,-63,15
-179,-62,15
-179,-61,13
-179,-60,12
-179,-59,10
-179,-58,8
-179,-57,5
-179,-56,4
-179,-55,2
-179,-54,1
-179,-53,1
-179,63,1
-179,64,1
-179,65,2
-179,66,3
-179,67,4
-179,68,5
-179,69,6
-179,70,7
-179,71,8
-179,72,8
-179,73,8
-179,74,8
-179,75,7
-179,76,6
-179,77,5
-179,78,4
-179,79,4
-179,80,3
-179,81,2
-179,82,2
-179,83,1
-179,84,1
-178,-84,1
-178,-83,1
-178,-82,1
-178,-81,1
-178,-80,1
-178,-79,1
-178,-78,1
-178,-77,1
-178,-76,1
-178,-75,2
-178,-74,2
-178,-73,3
-178,-72,4
-178,-71,5
-178,-70,7
-178,-69,8
-178,-68,10
-178,-67,12
-178,-66,13
-178,-65,15
-178,-64,15
-178,-63,15
-178,-62,15
-178,-61,13
-178,-60,12
-178,-59,9
-178,-58,7
-178,-57,5
-178,-56,3
-178,-55,2
-178,-54,1
-178,-53,1
-178,63,1
-178,64,1
-178,65,2
-178,66,3
-178,67,4
-178,68,5
-178,69,6
-178,70,7
-178,71,8
-178,72,8
-178,73,8
-178,74,8
-178,75,7
-178,76,6
-178,77,5
-178,78,4
-178,79,4
-178,80,3
-178,81,2
-178,82,2
-178,83,1
-178,84,1
-177,-85,1
-177,-84,1
-177,-83,1
-177,-82,1
-177,-81,1
-177,-80,1
-177,-79,1
-177,-78,1
-177,-77,1
-177,-76,1
-177,-75,2
-177,-74,2
-177,-73,3
-177,-72,4
-177,-71,5
-177,-70,7
-177,-69,9
-177,-68,11
-177,-67,12
-177,-66,14
-177,-65,15
-177,-64,16
-177,-63,15
-177,-62,15
-177,-61,13
-177,-60,11
-177,-59,9
-177,-58,7
-177,-57,5
-177,-56,3
-177,-55,2
-177,-54,1
-177,63,1
-177,64,1
-177,65,2
-177,66,3
-177,67,4
-177,68,5
-177,69,6
-177,70,7
-177,71,8
-177,72,8
-177,73,8
-177,74,8
-177,75,7
-177,76,6
-177,77,5
-177,78,4
-177,79,3
-177,80,3
-177,81,2
-177,82,2
-177,83,1
-177,84,1
-176,-85,1
-176,-84,1
-176,-83,1
-176,-82,1
-176,-81,1
-176,-80,1
-176,-79,1
-176,-78,1
-176,-77,1
-176,-76,1
-176,-75,2
-176,-74,3
-176,-73,3
-176,-72,5
-176,-71,6
-176,-70,7
-176,-69,9
-176,-68,11
-176,-67,13
-176,-66,14
-176,-65,15
-176,-64,16
-176,-63,16
-176,-62,15
-176,-61,13
-176,-60,11
-176,-59,9
-176,-58,7
-176,-57,5
-176,-56,3
-176,-55,2
-176,-54,1
-176,63,1
-176,64,1
-176,65,2
-176,66,3
-176,67,4
-176,68,5
-176,69,7
-176,70,8
-176,71,8
-176,72,9
-176,73,8
-176,74,8
-176,75,7
-176,76,6
-176,77,5
-176,78,4
-176,79,3
-176,80,3
-176,81,2
-176,82,2
-176,83,1
-176,84,1
-176,85,1
-175,-86,1
-175,-85,1
-175,-84,1
-175,-83,1
-175,-82,1
-175,-81,1
-175,-80,1
-175,-79,1
-175,-78,1
-175,-77,1
-175,-76,2
-175,-75,2
-175,-74,3
-175,-73,4
-175,-72,5
-175,-71,6
-175,-70,8
-175,-69,10
-175,-68,12
-175,-67,13
-175,-66,15
-175,-65,16
-175,-64,16
-175,-63,16
-175,-62,14
-175,-61,13
-175,-60,11
-175,-59,8
-175,-58,6
-175,-57,4
-175,-56,3
-175,-55,2
-175,-54,1
-175,63,1
-175,64,1
-175,65,2
-175,66,3
-175,67,4
-175,68,6
-175,69,7
-175,70,8
-175,71,9
-175,72,9
-175,73,8
-175,74,8
-175,75,7
-175,76,6
-175,77,5
-175,78,4
-175,79,3
-175,80,3
-175,81,2
-175,82,1
-175,83,1
-175,84,1
-175,85,1
-174,-86,1
-174,-85,1
-174,-84,1
-174,-83,1
-174,-82,1
-174,-81,1
-174,-80,1
-174,-79,1
-174,-78,1
-174,-77,1
-174,-76,2
-174,-75,2
-174,-74,3
-174,-73,4
-174,-72,5
-174,-71,7
-174,-70,8
-174,-69,10
-174,-68,12
-174,-67,14
-174,-66,15
-174,-65,16
-174,-64,16
-174,-63,16
-174,-62,14
-174,-61,13
-174,-60,10
-174,-59,8
-174,-58,6
-174,-57,4
-174,-56,3
-174,-55,1
-174,-54,1
-174,63,1
-174,64,1
-174,65,2
-174,66,3
-174,67,5
-174,68,6
-174,69,7
-174,70,8
-174,71,9
-174,72,9
-174,73,8
-174,74,8
-174,75,7
-174,76,6
-174,77,5
-174,78,4
-174,79,3
-174,80,2
-174,81,2
-174,82,1
-174,83,1
-174,84,1
-174,85,1
-173,-87,1
-173,-86,1
-173,-85,1
-173,-84,1
-173,-83,1
-173,-82,1
-173,-81,1
-173,-80,1
-173,-79,1
-173,-78,1
-173,-77,1
-173,-76,2
-173,-75,3
-173,-74,3
-173,-73,4
-173,-72,6
-173,-71,7
-173,-70,9
-173,-69,11
-173,-68,13
-173,-67,14
-173,-66,15
-173,-65,16
-173,-64,16
-173,-63,16
-173,-62,14
-173,-61,12
-173,-60,10
-173,-59,8
-173,-58,6
-173,-57,4
-173,-56,2
-173,-55,1
-173,-54,1
-173,63,1
-173,64,2
-173,65,3
-173,66,4
-173,67,5
-173,68,6
-173,69,7
-173,70,8
-173,71,9
-173,72,9
-173,73,8
-173,74,8
-173,75,7
-173,76,6
-173,77,5
-173,78,4
-173,79,3
-173,80,2
-173,81,2
-173,82,1
-173,83,1
-173,84,1
-173,85,1
-173,86,1
-172,-87,1
-172,-86,1
-172,-85,1
-172,-84,1
-172,-83,1
-172,-82,1
-172,-81,1
-172,-80,1
-172,-79,1
-172,-78,1
-172,-77,2
-172,-76,2
-172,-75,3
-172,-74,4
-172,-73,5
-172,-72,6
-172,-71,8
-172,-70,9
-172,-69,11
-172,-68,13
-172,-67,15
-172,-66,16
-172,-65,16
-172,-64,16
-172,-63,15
-172,-62,14
-172,-61,12
-172,-60,10
-172,-59,7
-172,-58,5
-172,-57,3
-172,-56,2
-172,-55,1
-172,63,1
-172,64,2
-172,65,3
-172,66,4
-172,67,5
-172,68,7
-172,69,8
-172,70,9
-172,71,9
-172,72,9
-172,73,8
-172,74,8
-172,75,6
-172,76,5
-172,77,4
-172,78,4
-172,79,3
-172,80,2
-172,81,2
-172,82,1
-172,83,1
-172,84,1
-172,85,1
-172,86,1
-171,-88,1
-171,-87,1
-171,-86,1
-171,-85,1
-171,-84,1
-171,-83,1
-171,-82,1
-171,-81,1
-171,-80,1
-171,-79,1
-171,-78,1
-171,-77,2
-171,-76,2
-171,-75,3
-171,-74,4
-171,-73,5
-171,-72,7
-171,-71,8
-171,-70,10
-171,-69,12
-171,-68,14
-171,-67,15
-171,-66,16
-171,-65,17
-171,-64,16
-171,-63,15
-171,-62,14
-171,-61,11
-171,-60,9
-171,-59,7
-171,-58,5
-171,-57,3
-171,-56,2
-171,-55,1
-171,62,1
-171,63,1
-171,64,2
-171,65,3
-171,66,4
-171,67,5
-171,68,7
-171,69,8
-171,70,9
-171,71,9
-171,72,9
-171,73,8
-171,74,7
-171,75,6
-171,76,5
-171,77,4
-171,78,3
-171,79,3
-171,80,2
-171,81,2
-171,82,1
-171,83,1
-171,84,1
-171,85,1
-171,86,1
-170,-88,1
-170,-87,1
-170,-86,1
-170,-85,1
-170,-84,1
-170,-83,1
-170,-82,1
-170,-81,1
-170,-80,1
-170,-79,1
-170,-78,2
-170,-77,2
-170,-76,3
-170,-75,3
-170,-74,4
-170,-73,5
-170,-72,7
-170,-71,9
-170,-70,10
-170,-69,12
-170,-68,14
-170,-67,15
-170,-66,16
-170,-65,17
-170,-64,16
-170,-63,15
-170,-62,13
-170,-61,11
-170,-60,9
-170,-59,6
-170,-58,4
-170,-57,3
-170,-56,2
-170,-55,1
-170,62,1
-170,63,1
-170,64,2
-170,65,3
-170,66,4
-170,67,6
-170,68,7
-170,69,8
-170,70,9
-170,71,9
-170,72,9
-170,73,8
-170,74,7
-170,75,6
-170,76,5
-170,77,4
-170,78,3
-170,79,3
-170,80,2
-170,81,2
-170,82,1
-170,83,1
-170,84,1
-170,85,1
-170,86,1
-169,-90,1
-169,-88,1
-169,-87,1
-169,-86,1
-169,-85,1
-169,-84,1
-169,-83,1
-169,-82,1
-169,-81,1
-169,-80,1
-169,-79,1
-169,-78,2
-169,-77,2
-169,-76,3
-169,-75,4
-169,-74,5
-169,-73,6
-169,-72,7
-169,-71,9
-169,-70,11
-169,-69,13
-169,-68,14
-169,-67,16
-169,-66,17
-169,-65,17
-169,-64,16
-169,-63,15
-169,-62,13
-169,-61,11
-169,-60,8
-169,-59,6
-169,-58,4
-169,-57,3
-169,-56,2
-169,-55,1
-169,62,1
-169,63,1
-169,64,2
-169,65,3
-169,66,5
-169,67,6
-169,68,7
-169,69,8
-169,70,9
-169,71,9
-169,72,9
-169,73,8
-169,74,7
-169,75,6
-169,76,5
-169,77,4
-169,78,3
-169,79,3
-169,80,2
-169,81,2
-169,82,1
-169,83,1
-169,84,1
-169,85,1
-169,86,1
-168,-90,1
-168,-88,1
-168,-87,1
-168,-86,1
-168,-85,1
-168,-84,1
-168,-83,1
-168,-82,1
-168,-81,1
-168,-80,1
-168,-79,2
-168,-78,2
-168,-77,2
-168,-76,3
-168,-75,4
-168,-74,5
-168,-73,6
-168,-72,8
-168,-71,10
-168,-70,11
-168,-69,13
-168,-68,15
-168,-67,16
-168,-66,17
-168,-65,17
-168,-64,16
-168,-63,14
-168,-62,12
-168,-61,10
-168,-60,8
-168,-59,6
-168,-58,4
-168,-57,2
-168,-56,1
-168,-55,1
-168,62,1
-168,63,2
-168,64,2
-168,65,4
-168,66,5
-168,67,6
-168,68,8
-168,69,9
-168,70,9
-168,71,9
-168,72,9
-168,73,8
-168,74,7
-168,75,6
-168,76,5
-168,77,4
-168,78,3
-168,79,2
-168,80,2
-168,81,2
-168,82,1
-168,83,1
-168,84,1
-168,85,1
-168,86,1
-167,-90,1
-167,-88,1
-167,-87,1
-167,-86,1
-167,-85,1
-167,-84,1
-167,-83,1
-167,-82,1
-167,-81,1
-167,-80,1
-167,-79,2
-167,-78,2
-167,-77,3
-167,-76,3
-167,-75,4
-167,-74,5
-167,-73,7
-167,-72,8
-167,-71,10
-167,-70,12
-167,-69,14
-167,-68,15
-167,-67,16
-167,-66,17
-167,-65,17
-167,-64,16
-167,-63,14
-167,-62,12
-167,-61,10
-167,-60,7
-167,-59,5
-167,-58,4
-167,-57,2
-167,-56,1
-167,62,1
-167,63,2
-167,64,3
-167,65,4
-167,66,5
-167,67,7
-167,68,8
-167,69,9
-167,70,9
-167,71,9
-167,72,9
-167,73,8
-167,74,7
-167,75,6
-167,76,5
-167,77,4
-167,78,3
-167,79,2
-167,80,2
-167,81,1
-167,82,1
-167,83,1
-167,84,1
-167,85,1
-167,86,1
-166,-90,1
-166,-88,1
-166,-87,1
-166,-86,1
-166,-85,1
-166,-84,1
-166,-83,1
-166,-82,1
-166,-81,1
-166,-80,2
-166,-79,2
-166,-78,2
-166,-77,3
-166,-76,3
-166,-75,4
-166,-74,6
-166,-73,7
-166,-72,9
-166,-71,11
-166,-70,12
-166,-69,14
-166,-68,16
-166,-67,17
-166,-66,17
-166,-65,17
-166,-64,15
-166,-63,14
-166,-62,12
-166,-61,9
-166,-60,7
-166,-59,5
-166,-58,3
-166,-57,2
-166,-56,1
-166,62,1
-166,63,2
-166,64,3
-166,65,4
-166,66,6
-166,67,7
-166,68,8
-166,69,9
-166,70,10
-166,71,10
-166,72,9
-166,73,8
-166,74,7
-166,75,6
-166,76,5
-166,77,4
-166,78,3
-166,79,2
-166,80,2
-166,81,1
-166,82,1
-166,83,1
-166,84,1
-166,85,1
-166,86,1
-165,-90,1
-165,-88,1
-165,-87,1
-165,-86,1
-165,-85,1
-165,-84,1
-165,-83,1
-165,-82,1
-165,-81,1
-165,-80,2
-165,-79,2
-165,-78,2
-165,-77,3
-165,-76,4
-165,-75,5
-165,-74,6
-165,-73,8
-165,-72,9
-165,-71,11
-165,-70,13
-165,-69,14
-165,-68,16
-165,-67,17
-165,-66,17
-165,-65,16
-165,-64,15
-165,-63,13
-165,-62,11
-165,-61,9
-165,-60,7
-165,-59,5
-165,-58,3
-165,-57,2
-165,-56,1
-165,61,1
-165,62,1
-165,63,2
-165,64,3
-165,65,4
-165,66,6
-165,67,7
-165,68,8
-165,69,9
-165,70,10
-165,71,10
-165,72,9
-165,73,8
-165,74,7
-165,75,6
-165,76,4
-165,77,4
-165,78,3
-165,79,2
-165,80,2
-165,81,1
-165,82,1
-165,83,1
-165,84,1
-165,85,1
-165,86,1
-164,-90,1
-164,-88,1
-164,-87,1
-164,-86,1
-164,-85,1
-164,-84,1
-164,-83,1
-164,-82,1
-164,-81,2
-164,-80,2
-164,-79,2
-164,-78,3
-164,-77,3
-164,-76,4
-164,-75,5
-164,-74,6
-164,-73,8
-164,-72,10
-164,-71,11
-164,-70,13
-164,-69,15
-164,-68,16
-164,-67,17
-164,-66,17
-164,-65,16
-164,-64,15
-164,-63,13
-164,-62,11
-164,-61,8
-164,-60,6
-164,-59,4
-164,-58,3
-164,-57,2
-164,-56,1
-164,61,1
-164,62,1
-164,63,2
-164,64,3
-164,65,5
-164,66,6
-164,67,8
-164,68,9
-164,69,10
-164,70,10
-164,71,10
-164,72,9
-164,73,8
-164,74,7
-164,75,5
-164,76,4
-164,77,3
-164,78,3
-164,79,2
-164,80,2
-164,81,1
-164,82,1
-164,83,1
-164,84,1
-164,85,1
-164,86,1
-163,-90,1
-163,-88,1
-163,-87,1
-163,-86,1
-163,-85,1
-163,-84,1
-163,-83,1
-163,-82,1
-163,-81,2
-163,-80,2
-163,-79,2
-163,-78,3
-163,-77,3
-163,-76,4
-163,-75,5
-163,-74,7
-163,-73,8
-163,-72,10
-163,-71,12
-163,-70,14
-163,-69,15
-163,-68,16
-163,-67,17
-163,-66,17
-163,-65,16
-163,-64,14
-163,-63,12
-163,-62,10
-163,-61,8
-163,-60,6
-163,-59,4
-163,-58,2
-163,-57,1
-163,-56,1
-163,61,1
-163,62,1
-163,63,2
-163,64,4
-163,65,5
-163,66,6
-163,67,8
-163,68,9
-163,69,10
-163,70,10
-163,71,10
-163,72,9
-163,73,8
-163,74,6
-163,75,5
-163,76,4
-163,77,3
-163,78,3
-163,79,2
-163,80,2
-163,81,1
-163,82,1
-163,83,1
-163,84,1
-163,85,1
-163,86,1
-162,-90,1
-162,-88,1
-162,-87,1
-162,-86,1
-162,-85,1
-162,-84,1
-162,-83,2
-162,-82,2
-162,-81,2
-162,-80,2
-162,-79,2
-162,-78,3
-162,-77,4
-162,-76,5
-162,-75,6
-162,-74,7
-162,-73,9
-162,-72,11
-162,-71,12
-162,-70,14
-162,-69,15
-162,-68,16
-162,-67,17
-162,-66,17
-162,-65,16
-162,-64,14
-162,-63,12
-162,-62,10
-162,-61,7
-162,-60,5
-162,-59,4
-162,-58,2
-162,-57,1
-162,-56,1
-162,61,1
-162,62,2
-162,63,3
-162,64,4
-162,65,5
-162,66,7
-162,67,8
-162,68,9
-162,69,10
-162,70,10
-162,71,10
-162,72,9
-162,73,8
-162,74,6
-162,75,5
-162,76,4
-162,77,3
-162,78,2
-162,79,2
-162,80,2
-162,81,1
-162,82,1
-162,83,1
-162,84,1
-162,85,1
-162,86,1
-161,-90,1
-161,-88,1
-161,-87,1
-161,-86,2
-161,-85,2
-161,-84,2
-161,-83,2
-161,-82,2
-161,-81,2
-161,-80,2
-161,-79,3
-161,-78,3
-161,-77,4
-161,-76,5
-161,-75,6
-161,-74,8
-161,-73,9
-161,-72,11
-161,-71,13
-161,-70,14
-161,-69,16
-161,-68,17
-161,-67,17
-161,-66,17
-161,-65,15
-161,-64,14
-161,-63,11
-161,-62,9
-161,-61,7
-161,-60,5
-161,-59,3
-161,-58,2
-161,-57,1
-161,61,1
-161,62,2
-161,63,3
-161,64,4
-161,65,6
-161,66,7
-161,67,9
-161,68,10
-161,69,10
-161,70,10
-161,71,10
-161,72,9
-161,73,7
-161,74,6
-161,75,5
-161,76,4
-161,77,3
-161,78,2
-161,79,2
-161,80,1
-161,81,1
-161,82,1
-161,83,1
-161,84,1
-161,85,1
-161,86,1
-160,-90,1
-160,-88,1
-160,-87,1
-160,-86,2
-160,-85,2
-160,-84,2
-160,-83,2
-160,-82,2
-160,-81,2
-160,-80,2
-160,-79,3
-160,-78,3
-160,-77,4
-160,-76,5
-160,-75,6
-160,-74,8
-160,-73,10
-160,-72,11
-160,-71,13
-160,-70,15
-160,-69,16
-160,-68,17
-160,-67,17
-160,-66,16
-160,-65,15
-160,-64,13
-160,-63,11
-160,-62,9
-160,-61,6
-160,-60,4
-160,-59,3
-160,-58,2
-160,-57,1
-160,60,1
-160,61,1
-160,62,2
-160,63,3
-160,64,4
-160,65,6
-160,66,8
-160,67,9
-160,68,10
-160,69,10
-160,70,10
-160,71,10
-160,72,9
-160,73,7
-160,74,6
-160,75,5
-160,76,4
-160,77,3
-160,78,2
-160,79,2
-160,80,1
-160,81,1
-160,82,1
-160,83,1
-160,84,1
-160,85,1
-160,86,1
-159,-90,1
-159,-88,1
-159,-87,1
-159,-86,2
-159,-85,2
-159,-84,2
-159,-83,2
-159,-82,2
-159,-81,2
-159,-80,2
-159,-79,3
-159,-78,4
-159,-77,4
-159,-76,6
-159,-75,7
-159,-74,8
-159,-73,10
-159,-72,12
-159,-71,13
-159,-70,15
-159,-69,16
-159,-68,17
-159,-67,17
-159,-66,16
-159,-65,15
-159,-64,13
-159,-63,10
-159,-62,8
-159,-61,6
-159,-60,4
-159,-59,3
-159,-58,2
-159,-57,1
-159,60,1
-159,61,1
-159,62,2
-159,63,3
-159,64,5
-159,65,6
-159,66,8
-159,67,9
-159,68,10
-159,69,11
-159,70,10
-159,71,10
-159,72,8
-159,73,7
-159,74,6
-159,75,5
-159,76,4
-159,77,3
-159,78,2
-159,79,2
-159,80,1
-159,81,1
-159,82,1
-159,83,1
-159,84,1
-159,85,1
-159,86,1
-158,-90,1
-158,-88,1
-158,-87,2
-158,-86,2
-158,-85,2
-158,-84,2
-158,-83,2
-158,-82,2
-158,-81,2
-158,-80,3
-158,-79,3
-158,-78,4
-158,-77,5
-158,-76,6
-158,-75,7
-158,-74,9
-158,-73,10
-158,-72,12
-158,-71,14
-158,-70,15
-158,-69,16
-158,-68,17
-158,-67,17
-158,-66,16
-158,-65,14
-158,-64,12
-158,-63,10
-158,-62,8
-158,-61,6
-158,-60,4
-158,-59,2
-158,-58,1
-158,-57,1
-158,60,1
-158,61,1
-158,62,2
-158,63,4
-158,64,5
-158,65,7
-158,66,8
-158,67,10
-158,68,10
-158,69,11
-158,70,10
-158,71,10
-158,72,8
-158,73,7
-158,74,6
-158,75,4
-158,76,3
-158,77,3
-158,78,2
-158,79,2
-158,80,1
-158,81,1
-158,82,1
-158,83,1
-158,84,1
-158,85,1
-158,86,1
-157,-90,1
-157,-88,1
-157,-87,2
-157,-86,2
-157,-85,2
-157,-84,2
-157,-83,2
-157,-82,2
-157,-81,2
-157,-80,3
-157,-79,3
-157,-78,4
-157,-77,5
-157,-76,6
-157,-75,8
-157,-74,9
-157,-73,11
-157,-72,13
-157,-71,14
-157,-70,15
-157,-69,16
-157,-68,17
-157,-67,16
-157,-66,15
-157,-65,14
-157,-64,12
-157,-63,9
-157,-62,7
-157,-61,5
-157,-60,3
-157,-59,2
-157,-58,1
-157,-57,1
-157,60,1
-157,61,2
-157,62,3
-157,63,4
-157,64,5
-157,65,7
-157,66,9
-157,67,10
-157,68,11
-157,69,11
-157,70,10
-157,71,9
-157,72,8
-157,73,7
-157,74,5
-157,75,4
-157,76,3
-157,77,3
-157,78,2
-157,79,2
-157,80,1
-157,81,1
-157,82,1
-157,83,1
-157,84,1
-157,85,1
-157,86,1
-156,-90,1
-156,-88,1
-156,-87,2
-156,-86,2
-156,-85,2
-156,-84,2
-156,-83,2
-156,-82,2
-156,-81,3
-156,-80,3
-156,-79,4
-156,-78,4
-156,-77,5
-156,-76,7
-156,-75,8
-156,-74,10
-156,-73,11
-156,-72,13
-156,-71,14
-156,-70,16
-156,-69,16
-156,-68,17
-156,-67,16
-156,-66,15
-156,-65,13
-156,-64,11
-156,-63,9
-156,-62,7
-156,-61,5
-156,-60,3
-156,-59,2
-156,-58,1
-156,60,1
-156,61,2
-156,62,3
-156,63,4
-156,64,6
-156,65,7
-156,66,9
-156,67,10
-156,68,11
-156,69,11
-156,70,10
-156,71,9
-156,72,8
-156,73,7
-156,74,5
-156,75,4
-156,76,3
-156,77,2
-156,78,2
-156,79,2
-156,80,1
-156,81,1
-156,82,1
-156,83,1
-156,84,1
-156,85,1
-156,86,1
-155,-90,1
-155,-88,1
-155,-87,2
-155,-86,2
-155,-85,2
-155,-84,2
-155,-83,2
-155,-82,2
-155,-81,3
-155,-80,3
-155,-79,4
-155,-78,5
-155,-77,6
-155,-76,7
-155,-75,8
-155,-74,10
-155,-73,12
-155,-72,13
-155,-71,15
-155,-70,16
-155,-69,16
-155,-68,17
-155,-67,16
-155,-66,15
-155,-65,13
-155,-64,11
-155,-63,8
-155,-62,6
-155,-61,4
-155,-60,3
-155,-59,2
-155,-58,1
-155,59,1
-155,60,1
-155,61,2
-155,62,3
-155,63,5
-155,64,6
-155,65,8
-155,66,9
-155,67,10
-155,68,11
-155,69,11
-155,70,10
-155,71,9
-155,72,8
-155,73,7
-155,74,5
-155,75,4
-155,76,3
-155,77,2
-155,78,2
-155,79,1
-155,80,1
-155,81,1
-155,82,1
-155,83,1
-155,84,1
-155,85,1
-155,86,1
-154,-90,1
-154,-88,1
-154,-87,2
-154,-86,2
-154,-85,2
-154,-84,2
-154,-83,2
-154,-82,2
-154,-81,3
-154,-80,3
-154,-79,4
-154,-78,5
-154,-77,6
-154,-76,7
-154,-75,9
-154,-74,10
-154,-73,12
-154,-72,13
-154,-71,15
-154,-70,16
-154,-69,16
-154,-68,16
-154,-67,16
-154,-66,14
-154,-65,12
-154,-64,10
-154,-63,8
-154,-62,6
-154,-61,4
-154,-60,3
-154,-59,1
-154,-58,1
-154,59,1
-154,60,1
-154,61,2
-154,62,4
-154,63,5
-154,64,7
-154,65,8
-154,66,10
-154,67,11
-154,68,11
-154,69,11
-154,70,10
-154,71,9
-154,72,8
-154,73,6
-154,74,5
-154,75,4
-154,76,3
-154,77,2
-154,78,2
-154,79,1
-154,80,1
-154,81,1
-154,82,1
-154,83,1
-154,84,1
-154,85,1
-154,86,1
-153,-90,1
-153,-88,1
-153,-87,2
-153,-86,2
-153,-85,2
-153,-84,2
-153,-83,2
-153,-82,3
-153,-81,3
-153,-80,4
-153,-79,4
-153,-78,5
-153,-77,6
-153,-76,8
-153,-75,9
-153,-74,11
-153,-73,12
-153,-72,14
-153,-71,15
-153,-70,16
-153,-69,16
-153,-68,16
-153,-67,15
-153,-66,14
-153,-65,12
-153,-64,9
-153,-63,7
-153,-62,5
-153,-61,4
-153,-60,2
-153,-59,1
-153,-58,1
-153,59,1
-153,60,2
-153,61,3
-153,62,4
-153,63,5
-153,64,7
-153,65,9
-153,66,10
-153,67,11
-153,68,11
-153,69,11
-153,70,10
-153,71,9
-153,72,8
-153,73,6
-153,74,5
-153,75,4
-153,76,3
-153,77,2
-153,78,2
-153,79,1
-153,80,1
-153,81,1
-153,82,1
-153,83,1
-153,84,1
-153,85,1
-153,86,1
-152,-90,1
-152,-88,1
-152,-87,2
-152,-86,2
-152,-85,2
-152,-84,2
-152,-83,2
-152,-82,3
-152,-81,3
-152,-80,4
-152,-79,4
-152,-78,5
-152,-77,7
-152,-76,8
-152,-75,9
-152,-74,11
-152,-73,13
-152,-72,14
-152,-71,15
-152,-70,16
-152,-69,16
-152,-68,16
-152,-67,15
-152,-66,13
-152,-65,11
-152,-64,9
-152,-63,7
-152,-62,5
-152,-61,3
-152,-60,2
-152,-59,1
-152,-45,1
-152,59,1
-152,60,2
-152,61,3
-152,62,4
-152,63,6
-152,64,7
-152,65,9
-152,66,10
-152,67,11
-152,68,12
-152,69,11
-152,70,10
-152,71,9
-152,72,7
-152,73,6
-152,74,5
-152,75,4
-152,76,3
-152,77,2
-152,78,2
-152,79,1
-152,80,1
-152,81,1
-152,82,1
-152,83,1
-152,84,1
-152,85,1
-152,86,1
-151,-90,1
-151,-88,1
-151,-87,2
-151,-86,2
-151,-85,2
-151,-84,2
-151,-83,2
-151,-82,3
-151,-81,3
-151,-80,4
-151,-79,5
-151,-78,6
-151,-77,7
-151,-76,8
-151,-75,10
-151,-74,11
-151,-73,13
-151,-72,14
-151,-71,15
-151,-70,16
-151,-69,16
-151,-68,16
-151,-67,14
-151,-66,13
-151,-65,11
-151,-64,8
-151,-63,6
-151,-62,4
-151,-61,3
-151,-60,2
-151,-59,1
-151,-45,1
-151,59,1
-151,60,2
-151,61,3
-151,62,4
-151,63,6
-151,64,8
-151,65,9
-151,66,11
-151,67,12
-151,68,12
-151,69,11
-151,70,10
-151,71,9
-151,72,7
-151,73,6
-151,74,4
-151,75,3
-151,76,3
-151,77,2
-151,78,2
-151,79,1
-151,80,1
-151,81,1
-151,82,1
-151,83,1
-151,84,1
-151,85,1
-151,86,1
-150,-90,1
-150,-88,1
-150,-87,2
-150,-86,2
-150,-85,2
-150,-84,2
-150,-83,3
-150,-82,3
-150,-81,3
-150,-80,4
-150,-79,5
-150,-78,6
-150,-77,7
-150,-76,9
-150,-75,10
-150,-74,12
-150,-73,13
-150,-72,15
-150,-71,16
-150,-70,16
-150,-69,16
-150,-68,15
-150,-67,14
-150,-66,12
-150,-65,10
-150,-64,8
-150,-63,6
-150,-62,4
-150,-61,3
-150,-60,2
-150,-59,1
-150,-46,1
-150,-45,1
-150,-44,1
-150,58,1
-150,59,1
-150,60,2
-150,61,3
-150,62,5
-150,63,7
-150,64,8
-150,65,10
-150,66,11
-150,67,12
-150,68,12
-150,69,11
-150,70,10
-150,71,9
-150,72,7
-150,73,6
-150,74,4
-150,75,3
-150,76,3
-150,77,2
-150,78,2
-150,79,1
-150,80,1
-150,81,1
-150,82,1
-150,83,1
-150,84,1
-150,85,1
-150,86,1
-149,-90,1
-149,-88,1
-149,-87,2
-149,-86,2
-149,-85,2
-149,-84,2
-149,-83,3
-149,-82,3
-149,-81,4
-149,-80,4
-149,-79,5
-149,-78,6
-149,-77,7
-149,-76,9
-149,-75,10
-149,-74,12
-149,-73,13
-149,-72,15
-149,-71,16
-149,-70,16
-149,-69,16
-149,-68,15
-149,-67,14
-149,-66,12
-149,-65,9
-149,-64,7
-149,-63,5
-149,-62,4
-149,-61,2
-149,-60,1
-149,-59,1
-149,-46,1
-149,-45,1
-149,-44,1
-149,58,1
-149,59,1
-149,60,2
-149,61,4
-149,62,5
-149,63,7
-149,64,9
-149,65,10
-149,66,11
-149,67,12
-149,68,12
-149,69,11
-149,70,10
-149,71,8
-149,72,7
-149,73,5
-149,74,4
-149,75,3
-149,76,2
-149,77,2
-149,78,1
-149,79,1
-149,80,1
-149,81,1
-149,82,1
-149,83,1
-149,84,1
-149,85,1
-149,86,1
-148,-90,1
-148,-88,1
-148,-87,2
-148,-86,2
-148,-85,2
-148,-84,2
-148,-83,3
-148,-82,3
-148,-81,4
-148,-80,5
-148,-79,5
-148,-78,6
-148,-77,8
-148,-76,9
-148,-75,11
-148,-74,12
-148,-73,14
-148,-72,15
-148,-71,16
-148,-70,16
-148,-69,16
-148,-68,15
-148,-67,13
-148,-66,11
-148,-65,9
-148,-64,7
-148,-63,5
-148,-62,3
-148,-61,2
-148,-60,1
-148,-59,1
-148,-46,1
-148,-45,1
-148,-44,1
-148,58,1
-148,59,2
-148,60,3
-148,61,4
-148,62,6
-148,63,7
-148,64,9
-148,65,11
-148,66,12
-148,67,12
-148,68,12
-148,69,11
-148,70,10
-148,71,8
-148,72,7
-148,73,5
-148,74,4
-148,75,3
-148,76,2
-148,77,2
-148,78,1
-148,79,1
-148,80,1
-148,81,1
-148,82,1
-148,83,1
-148,84,1
-148,85,1
-148,86,1
-147,-90,1
-147,-88,1
-147,-87,2
-147,-86,2
-147,-85,2
-147,-84,3
-147,-83,3
-147,-82,3
-147,-81,4
-147,-80,5
-147,-79,6
-147,-78,7
-147,-77,8
-147,-76,9
-147,-75,11
-147,-74,13
-147,-73,14
-147,-72,15
-147,-71,16
-147,-70,16
-147,-69,15
-147,-68,14
-147,-67,13
-147,-66,11
-147,-65,8
-147,-64,6
-147,-63,4
-147,-62,3
-147,-61,2
-147,-60,1
-147,-46,1
-147,-45,1
-147,-44,1
-147,58,1
-147,59,2
-147,60,3
-147,61,4
-147,62,6
-147,63,8
-147,64,10
-147,65,11
-147,66,12
-147,67,12
-147,68,12
-147,69,11
-147,70,10
-147,71,8
-147,72,7
-147,73,5
-147,74,4
-147,75,3
-147,76,2
-147,77,2
-147,78,1
-147,79,1
-147,80,1
-147,81,1
-147,82,1
-147,83,1
-147,84,1
-147,85,1
-147,86,1
-146,-90,1
-146,-88,1
-146,-87,2
-146,-86,2
-146,-85,2
-146,-84,3
-146,-83,3
-146,-82,4
-146,-81,4
-146,-80,5
-146,-79,6
-146,-78,7
-146,-77,8
-146,-76,10
-146,-75,11
-146,-74,13
-146,-73,14
-146,-72,15
-146,-71,16
-146,-70,16
-146,-69,15
-146,-68,14
-146,-67,12
-146,-66,10
-146,-65,8
-146,-64,6
-146,-63,4
-146,-62,3
-146,-61,2
-146,-60,1
-146,-47,1
-146,-46,1
-146,-45,1
-146,-44,1
-146,58,1
-146,59,2
-146,60,3
-146,61,5
-146,62,7
-146,63,8
-146,64,10
-146,65,12
-146,66,12
-146,67,13
-146,68,12
-146,69,11
-146,70,10
-146,71,8
-146,72,6
-146,73,5
-146,74,4
-146,75,3
-146,76,2
-146,77,2
-146,78,1
-146,79,1
-146,80,1
-146,81,1
-146,82,1
-146,83,1
-146,84,1
-146,85,1
-146,86,1
-145,-90,1
-145,-88,1
-145,-87,2
-145,-86,2
-145,-85,2
-145,-84,3
-145,-83,3
-145,-82,4
-145,-81,4
-145,-80,5
-145,-79,6
-145,-78,7
-145,-77,9
-145,-76,10
-145,-75,12
-145,-74,13
-145,-73,14
-145,-72,15
-145,-71,16
-145,-70,15
-145,-69,15
-145,-68,13
-145,-67,11
-145,-66,9
-145,-65,7
-145,-64,5
-145,-63,4
-145,-62,2
-145,-61,1
-145,-60,1
-145,-47,1
-145,-46,1
-145,-45,1
-145,-44,1
-145,0,1
-145,57,1
-145,58,1
-145,59,2
-145,60,4
-145,61,5
-145,62,7
-145,63,9
-145,64,11
-145,65,12
-145,66,13
-145,67,13
-145,68,12
-145,69,11
-145,70,9
-145,71,8
-145,72,6
-145,73,5
-145,74,4
-145,75,3
-145,76,2
-145,77,2
-145,78,1
-145,79,1
-145,80,1
-145,81,1
-145,82,1
-145,83,1
-145,84,1
-145,85,1
-145,86,1
-144,-90,1
-144,-88,2
-144,-87,2
-144,-86,2
-144,-85,2
-144,-84,3
-144,-83,3
-144,-82,4
-144,-81,4
-144,-80,5
-144,-79,6
-144,-78,8
-144,-77,9
-144,-76,10
-144,-75,12
-144,-74,13
-144,-73,14
-144,-72,15
-144,-71,16
-144,-70,15
-144,-69,14
-144,-68,13
-144,-67,11
-144,-66,9
-144,-65,7
-144,-64,5
-144,-63,3
-144,-62,2
-144,-61,1
-144,-60,1
-144,-47,1
-144,-46,1
-144,-45,1
-144,-44,1
-144,0,1
-144,57,1
-144,58,2
-144,59,3
-144,60,4
-144,61,6
-144,62,8
-144,63,9
-144,64,11
-144,65,12
-144,66,13
-144,67,13
-144,68,12
-144,69,11
-144,70,9
-144,71,8
-144,72,6
-144,73,5
-144,74,3
-144,75,3
-144,76,2
-144,77,1
-144,78,1
-144,79,1
-144,80,1
-144,81,1
-144,82,1
-144,83,1
-144,84,1
-144,85,1
-144,86,1
-143,-90,1
-143,-88,2
-143,-87,2
-143,-86,2
-143,-85,3
-143,-84,3
-143,-83,3
-143,-82,4
-143,-81,5
-143,-80,6
-143,-79,7
-143,-78,8
-143,-77,9
-143,-76,11
-143,-75,12
-143,-74,14
-143,-73,15
-143,-72,15
-143,-71,15
-143,-70,15
-143,-69,14
-143,-68,12
-143,-67,10
-143,-66,8
-143,-65,6
-143,-64,5
-143,-63,3
-143,-62,2
-143,-61,1
-143,-47,1
-143,-46,1
-143,-45,1
-143,-44,1
-143,0,1
-143,57,1
-143,58,2
-143,59,3
-143,60,4
-143,61,6
-143,62,8
-143,63,10
-143,64,12
-143,65,13
-143,66,13
-143,67,13
-143,68,12
-143,69,11
-143,70,9
-143,71,7
-143,72,6
-143,73,4
-143,74,3
-143,75,2
-143,76,2
-143,77,1
-143,78,1
-143,79,1
-143,80,1
-143,81,1
-143,82,1
-143,83,1
-143,84,1
-143,85,1
-143,86,1
-142,-90,1
-142,-88,2
-142,-87,2
-142,-86,2
-142,-85,3
-142,-84,3
-142,-83,3
-142,-82,4
-142,-81,5
-142,-80,6
-142,-79,7
-142,-78,8
-142,-77,10
-142,-76,11
-142,-75,12
-142,-74,14
-142,-73,15
-142,-72,15
-142,-71,15
-142,-70,15
-142,-69,13
-142,-68,12
-142,-67,10
-142,-66,8
-142,-65,6
-142,-64,4
-142,-63,3
-142,-62,2
-142,-61,1
-142,-48,1
-142,-47,1
-142,-46,1
-142,-45,1
-142,-44,1
-142,0,1
-142,57,1
-142,58,2
-142,59,3
-142,60,5
-142,61,7
-142,62,9
-142,63,10
-142,64,12
-142,65,13
-142,66,13
-142,67,13
-142,68,12
-142,69,10
-142,70,9
-142,71,7
-142,72,6
-142,73,4
-142,74,3
-142,75,2
-142,76,2
-142,77,1
-142,78,1
-142,79,1
-142,80,1
-142,81,1
-142,82,1
-142,83,1
-142,84,1
-142,85,1
-142,86,1
-141,-90,1
-141,-88,2
-141,-87,2
-141,-86,2
-141,-85,3
-141,-84,3
-141,-83,4
-141,-82,4
-141,-81,5
-141,-80,6
-141,-79,7
-141,-78,8
-141,-77,10
-141,-76,11
-141,-75,13
-141,-74,14
-141,-73,15
-141,-72,15
-141,-71,15
-141,-70,14
-141,-69,13
-141,-68,11
-141,-67,9
-141,-66,7
-141,-65,5
-141,-64,4
-141,-63,2
-141,-62,1
-141,-61,1
-141,-48,1
-141,-47,1
-141,-46,1
-141,-45,1
-141,-44,1
-141,0,1
-141,56,1
-141,57,1
-141,58,2
-141,59,4
-141,60,5
-141,61,7
-141,62,9
-141,63,11
-141,64,12
-141,65,13
-141,66,14
-141,67,13
-141,68,12
-141,69,10
-141,70,9
-141,71,7
-141,72,5
-141,73,4
-141,74,3
-141,75,2
-141,76,2
-141,77,1
-141,78,1
-141,79,1
-141,80,1
-141,81,1
-141,82,1
-141,83,1
-141,84,1
-141,85,1
-141,86,1
-140,-90,1
-140,-88,2
-140,-87,2
-140,-86,2
-140,-85,3
-140,-84,3
-140,-83,4
-140,-82,4
-140,-81,5
-140,-80,6
-140,-79,7
-140,-78,9
-140,-77,10
-140,-76,11
-140,-75,13
-140,-74,14
-140,-73,15
-140,-72,15
-140,-71,15
-140,-70,14
-140,-69,13
-140,-68,11
-140,-67,9
-140,-66,7
-140,-65,5
-140,-64,3
-140,-63,2
-140,-62,1
-140,-61,1
-140,-48,1
-140,-47,1
-140,-46,1
-140,-45,1
-140,-44,1
-140,0,1
-140,56,1
-140,57,1
-140,58,3
-140,59,4
-140,60,6
-140,61,8
-140,62,10
-140,63,12
-140,64,13
-140,65,14
-140,66,14
-140,67,13
-140,68,12
-140,69,10
-140,70,8
-140,71,7
-140,72,5
-140,73,4
-140,74,3
-140,75,2
-140,76,2
-140,77,1
-140,78,1
-140,79,1
-140,80,1
-140,81,1
-140,82,1
-140,83,1
-140,84,1
-140,85,1
-139,-90,1
-139,-88,2
-139,-87,2
-139,-86,2
-139,-85,3
-139,-84,3
-139,-83,4
-139,-82,5
-139,-81,5
-139,-80,6
-139,-79,8
-139,-78,9
-139,-77,10
-139,-76,12
-139,-75,13
-139,-74,14
-139,-73,15
-139,-72,15
-139,-71,15
-139,-70,14
-139,-69,12
-139,-68,10
-139,-67,8
-139,-66,6
-139,-65,5
-139,-64,3
-139,-63,2
-139,-62,1
-139,-48,1
-139,-47,1
-139,-46,1
-139,-45,1
-139,-44,1
-139,0,1
-139,56,1
-139,57,2
-139,58,3
-139,59,4
-139,60,6
-139,61,8
-139,62,10
-139,63,12
-139,64,13
-139,65,14
-139,66,14
-139,67,13
-139,68,12
-139,69,10
-139,70,8
-139,71,7
-139,72,5
-139,73,4
-139,74,3
-139,75,2
-139,76,2
-139,77,1
-139,78,1
-139,79,1
-139,80,1
-139,81,1
-139,82,1
-139,83,1
-139,84,1
-139,85,1
-138,-90,1
-138,-88,2
-138,-87,2
-138,-86,3
-138,-85,3
-138,-84,3
-138,-83,4
-138,-82,5
-138,-81,6
-138,-80,7
-138,-79,8
-138,-78,9
-138,-77,11
-138,-76,12
-138,-75,13
-138,-74,14
-138,-73,15
-138,-72,15
-138,-71,14
-138,-70,13
-138,-69,12
-138,-68,10
-138,-67,8
-138,-66,6
-138,-65,4
-138,-64,3
-138,-63,2
-138,-62,1
-138,-48,1
-138,-47,1
-138,-46,1
-138,-45,1
-138,-44,1
-138,0,1
-138,56,1
-138,57,2
-138,58,3
-138,59,5
-138,60,7
-138,61,9
-138,62,11
-138,63,13
-138,64,14
-138,65,14
-138,66,14
-138,67,13
-138,68,12
-138,69,10
-138,70,8
-138,71,6
-138,72,5
-138,73,4
-138,74,3
-138,75,2
-138,76,1
-138,77,1
-138,78,1
-138,79,1
-138,80,1
-138,81,1
-138,82,1
-138,83,1
-138,84,1
-137,-90,1
-137,-88,2
-137,-87,2
-137,-86,3
-137,-85,3
-137,-84,3
-137,-83,4
-137,-82,5
-137,-81,6
-137,-80,7
-137,-79,8
-137,-78,9
-137,-77,11
-137,-76,12
-137,-75,13
-137,-74,14
-137,-73,15
-137,-72,15
-137,-71,14
-137,-70,13
-137,-69,11
-137,-68,9
-137,-67,7
-137,-66,5
-137,-65,4
-137,-64,2
-137,-63,1
-137,-62,1
-137,-49,1
-137,-48,1
-137,-47,1
-137,-46,1
-137,-45,1
-137,-44,1
-137,0,1
-137,55,1
-137,56,1
-137,57,2
-137,58,4
-137,59,5
-137,60,7
-137,61,9
-137,62,11
-137,63,13
-137,64,14
-137,65,15
-137,66,14
-137,67,13
-137,68,11
-137,69,10
-137,70,8
-137,71,6
-137,72,5
-137,73,3
-137,74,3
-137,75,2
-137,76,1
-137,77,1
-137,78,1
-137,79,1
-137,80,1
-137,81,1
-137,82,1
-137,83,1
-137,84,1
-136,-90,1
-136,-88,2
-136,-87,2
-136,-86,3
-136,-85,3
-136,-84,4
-136,-83,4
-136,-82,5
-136,-81,6
-136,-80,7
-136,-79,8
-136,-78,10
-136,-77,11
-136,-76,12
-136,-75,14
-136,-74,14
-136,-73,15
-136,-72,14
-136,-71,14
-136,-70,12
-136,-69,11
-136,-68,9
-136,-67,7
-136,-66,5
-136,-65,4
-136,-64,2
-136,-63,1
-136,-62,1
-136,-49,1
-136,-48,1
-136,-47,1
-136,-46,1
-136,-45,1
-136,-44,1
-136,0,1
-136,55,1
-136,56,1
-136,57,3
-136,58,4
-136,59,6
-136,60,8
-136,61,10
-136,62,12
-136,63,14
-136,64,15
-136,65,15
-136,66,14
-136,67,13
-136,68,11
-136,69,9
-136,70,8
-136,71,6
-136,72,4
-136,73,3
-136,74,2
-136,75,2
-136,76,1
-136,77,1
-136,78,1
-136,79,1
-136,80,1
-136,81,1
-136,82,1
-136,83,1
-136,84,1
-135,-90,1
-135,-88,2
-135,-87,2
-135,-86,3
-135,-85,3
-135,-84,4
-135,-83,4
-135,-82,5
-135,-81,6
-135,-80,7
-135,-79,8
-135,-78,10
-135,-77,11
-135,-76,13
-135,-75,14
-135,-74,14
-135,-73,15
-135,-72,14
-135,-71,13
-135,-70,12
-135,-69,10
-135,-68,8
-135,-67,6
-135,-66,5
-135,-65,3
-135,-64,2
-135,-63,1
-135,-49,1
-135,-48,1
-135,-47,1
-135,-46,1
-135,-45,1
-135,-44,1
-135,0,1
-135,55,1
-135,56,2
-135,57,3
-135,58,4
-135,59,6
-135,60,9
-135,61,11
-135,62,13
-135,63,14
-135,64,15
-135,65,15
-135,66,14
-135,67,13
-135,68,11
-135,69,9
-135,70,7
-135,71,6
-135,72,4
-135,73,3
-135,74,2
-135,75,2
-135,76,1
-135,77,1
-135,78,1
-135,79,1
-135,80,1
-135,81,1
-135,82,1
-135,83,1
-134,-90,1
-134,-88,2
-134,-87,2
-134,-86,3
-134,-85,3
-134,-84,4
-134,-83,4
-134,-82,5
-134,-81,6
-134,-80,7
-134,-79,9
-134,-78,10
-134,-77,11
-134,-76,13
-134,-75,14
-134,-74,14
-134,-73,14
-134,-72,14
-134,-71,13
-134,-70,12
-134,-69,10
-134,-68,8
-134,-67,6
-134,-66,4
-134,-65,3
-134,-64,2
-134,-63,1
-134,-49,1
-134,-48,1
-134,-47,1
-134,-46,1
-134,-45,1
-134,-44,1
-134,0,1
-134,55,1
-134,56,2
-134,57,3
-134,58,5
-134,59,7
-134,60,9
-134,61,11
-134,62,13
-134,63,15
-134,64,15
-134,65,15
-134,66,14
-134,67,13
-134,68,11
-134,69,9
-134,70,7
-134,71,6
-134,72,4
-134,73,3
-134,74,2
-134,75,2
-134,76,1
-134,77,1
-134,78,1
-134,79,1
-134,80,1
-134,81,1
-134,82,1
-134,83,1
-134,85,1
-133,-90,1
-133,-88,2
-133,-87,2
-133,-86,3
-133,-85,3
-133,-84,4
-133,-83,5
-133,-82,5
-133,-81,6
-133,-80,8
-133,-79,9
-133,-78,10
-133,-77,12
-133,-76,13
-133,-75,14
-133,-74,14
-133,-73,14
-133,-72,14
-133,-71,13
-133,-70,11
-133,-69,9
-133,-68,7
-133,-67,6
-133,-66,4
-133,-65,3
-133,-64,2
-133,-63,1
-133,-49,1
-133,-48,1
-133,-47,1
-133,-46,1
-133,-45,1
-133,-44,1
-133,0,1
-133,55,1
-133,56,2
-133,57,4
-133,58,5
-133,59,8
-133,60,10
-133,61,12
-133,62,14
-133,63,15
-133,64,16
-133,65,15
-133,66,14
-133,67,13
-133,68,11
-133,69,9
-133,70,7
-133,71,5
-133,72,4
-133,73,3
-133,74,2
-133,75,2
-133,76,1
-133,77,1
-133,78,1
-133,79,1
-133,80,1
-133,81,1
-133,82,1
-133,83,1
-132,-90,1
-132,-88,2
-132,-87,2
-132,-86,3
-132,-85,3
-132,-84,4
-132,-83,5
-132,-82,5
-132,-81,7
-132,-80,8
-132,-79,9
-132,-78,10
-132,-77,12
-132,-76,13
-132,-75,14
-132,-74,14
-132,-73,14
-132,-72,13
-132,-71,12
-132,-70,11
-132,-69,9
-132,-68,7
-132,-67,5
-132,-66,4
-132,-65,2
-132,-64,1
-132,-63,1
-132,-50,1
-132,-49,1
-132,-48,1
-132,-47,1
-132,-46,1
-132,-45,1
-132,-44,1
-132,-43,1
-132,0,1
-132,54,1
-132,55,1
-132,56,3
-132,57,4
-132,58,6
-132,59,8
-132,60,10
-132,61,13
-132,62,14
-132,63,16
-132,64,16
-132,65,15
-132,66,14
-132,67,13
-132,68,11
-132,69,9
-132,70,7
-132,71,5
-132,72,4
-132,73,3
-132,74,2
-132,75,1
-132,76,1
-132,77,1
-132,78,1
-132,79,1
-132,80,1
-132,81,1
-132,82,1
-131,-90,1
-131,-88,2
-131,-87,2
-131,-86,3
-131,-85,3
-131,-84,4
-131,-83,5
-131,-82,6
-131,-81,7
-131,-80,8
-131,-79,9
-131,-78,11
-131,-77,12
-131,-76,13
-131,-75,14
-131,-74,14
-131,-73,14
-131,-72,13
-131,-71,12
-131,-70,10
-131,-69,8
-131,-68,7
-131,-67,5
-131,-66,3
-131,-65,2
-131,-64,1
-131,-63,1
-131,-50,1
-131,-49,1
-131,-48,1
-131,-47,1
-131,-46,1
-131,-45,1
-131,-44,1
-131,-43,1
-131,0,1
-131,54,1
-131,55,2
-131,56,3
-131,57,4
-131,58,6
-131,59,9
-131,60,11
-131,61,13
-131,62,15
-131,63,16
-131,64,16
-131,65,15
-131,66,14
-131,67,12
-131,68,10
-131,69,8
-131,70,7
-131,71,5
-131,72,4
-131,73,3
-131,74,2
-131,75,1
-131,76,1
-131,77,1
-131,78,1
-131,79,1
-131,80,1
-131,81,1
-131,82,1
-130,-90,1
-130,-88,2
-130,-87,2
-130,-86,3
-130,-85,3
-130,-84,4
-130,-83,5
-130,-82,6
-130,-81,7
-130,-80,8
-130,-79,9
-130,-78,11
-130,-77,12
-130,-76,13
-130,-75,14
-130,-74,14
-130,-73,14
-130,-72,13
-130,-71,11
-130,-70,10
-130,-69,8
-130,-68,6
-130,-67,5
-130,-66,3
-130,-65,2
-130,-64,1
-130,-50,1
-130,-49,1
-130,-48,1
-130,-47,1
-130,-46,1
-130,-45,1
-130,-44,1
-130,-43,1
-130,0,1
-130,54,1
-130,55,2
-130,56,3
-130,57,5
-130,58,7
-130,59,9
-130,60,12
-130,61,14
-130,62,15
-130,63,16
-130,64,16
-130,65,16
-130,66,14
-130,67,12
-130,68,10
-130,69,8
-130,70,6
-130,71,5
-130,72,3
-130,73,2
-130,74,2
-130,75,1
-130,76,1
-130,77,1
-130,78,1
-130,79,1
-130,80,1
-130,81,1
-130,82,1
-129,-90,1
-129,-88,2
-129,-87,2
-129,-86,3
-129,-85,4
-129,-84,4
-129,-83,5
-129,-82,6
-129,-81,7
-129,-80,8
-129,-79,10
-129,-78,11
-129,-77,12
-129,-76,13
-129,-75,14
-129,-74,14
-129,-73,13
-129,-72,12
-129,-71,11
-129,-70,9
-129,-69,8
-129,-68,6
-129,-67,4
-129,-66,3
-129,-65,2
-129,-64,1
-129,-50,1
-129,-49,1
-129,-48,1
-129,-47,1
-129,-46,1
-129,-45,1
-129,-44,1
-129,-43,1
-129,0,1
-129,54,1
-129,55,2
-129,56,4
-129,57,5
-129,58,8
-129,59,10
-129,60,12
-129,61,15
-129,62,16
-129,63,17
-129,64,17
-129,65,16
-129,66,14
-129,67,12
-129,68,10
-129,69,8
-129,70,6
-129,71,5
-129,72,3
-129,73,2
-129,74,2
-129,75,1
-129,76,1
-129,77,1
-129,78,1
-129,79,1
-129,80,1
-129,81,1
-129,82,1
-128,-90,1
-128,-88,2
-128,-87,2
-128,-86,3
-128,-85,4
-128,-84,4
-128,-83,5
-128,-82,6
-128,-81,7
-128,-80,8
-128,-79,10
-128,-78,11
-128,-77,12
-128,-76,13
-128,-75,14
-128,-74,14
-128,-73,13
-128,-72,12
-128,-71,11
-128,-70,9
-128,-69,7
-128,-68,5
-128,-67,4
-128,-66,3
-128,-65,2
-128,-64,1
-128,-50,1
-128,-49,1
-128,-48,1
-128,-47,1
-128,-46,1
-128,-45,1
-128,-44,1
-128,-43,1
-128,0,1
-128,53,1
-128,54,1
-128,55,2
-128,56,4
-128,57,6
-128,58,8
-128,59,11
-128,60,13
-128,61,15
-128,62,16
-128,63,17
-128,64,17
-128,65,16
-128,66,14
-128,67,12
-128,68,10
-128,69,8
-128,70,6
-128,71,4
-128,72,3
-128,73,2
-128,74,2
-128,75,1
-128,76,1
-128,77,1
-128,78,1
-128,79,1
-128,80,1
-128,81,1
-127,-90,1
-127,-88,2
-127,-87,2
-127,-86,3
-127,-85,4
-127,-84,4
-127,-83,5
-127,-82,6
-127,-81,7
-127,-80,9
-127,-79,10
-127,-78,11
-127,-77,12
-127,-76,13
-127,-75,14
-127,-74,14
-127,-73,13
-127,-72,12
-127,-71,10
-127,-70,9
-127,-69,7
-127,-68,5
-127,-67,4
-127,-66,2
-127,-65,1
-127,-64,1
-127,-50,1
-127,-49,1
-127,-48,1
-127,-47,1
-127,-46,1
-127,-45,1
-127,-44,1
-127,-43,1
-127,0,1
-127,53,1
-127,54,2
-127,55,3
-127,56,4
-127,57,7
-127,58,9
-127,59,11
-127,60,14
-127,61,16
-127,62,17
-127,63,17
-127,64,17
-127,65,16
-127,66,14
-127,67,12
-127,68,10
-127,69,7
-127,70,6
-127,71,4
-127,72,3
-127,73,2
-127,74,2
-127,75,1
-127,76,1
-127,77,1
-127,78,1
-127,79,1
-127,80,1
-127,81,1
-126,-90,1
-126,-88,2
-126,-87,3
-126,-86,3
-126,-85,4
-126,-84,4
-126,-83,5
-126,-82,6
-126,-81,7
-126,-80,9
-126,-79,10
-126,-78,11
-126,-77,12
-126,-76,13
-126,-75,14
-126,-74,13
-126,-73,13
-126,-72,11
-126,-71,10
-126,-70,8
-126,-69,6
-126,-68,5
-126,-67,3
-126,-66,2
-126,-65,1
-126,-64,1
-126,-50,1
-126,-49,1
-126,-48,1
-126,-47,1
-126,-46,1
-126,-45,1
-126,-44,1
-126,-43,1
-126,-42,1
-126,0,1
-126,53,1
-126,54,2
-126,55,3
-126,56,5
-126,57,7
-126,58,10
-126,59,12
-126,60,14
-126,61,16
-126,62,17
-126,63,18
-126,64,17
-126,65,16
-126,66,14
-126,67,12
-126,68,9
-126,69,7
-126,70,5
-126,71,4
-126,72,3
-126,73,2
-126,74,1
-126,75,1
-126,76,1
-126,77,1
-126,78,1
-126,79,1
-126,80,1
-126,81,1
-125,-90,1
-125,-88,2
-125,-87,3
-125,-86,3
-125,-85,4
-125,-84,4
-125,-83,5
-125,-82,6
-125,-81,8
-125,-80,9
-125,-79,10
-125,-78,11
-125,-77,12
-125,-76,13
-125,-75,13
-125,-74,13
-125,-73,12
-125,-72,11
-125,-71,10
-125,-70,8
-125,-69,6
-125,-68,4
-125,-67,3
-125,-66,2
-125,-65,1
-125,-50,1
-125,-49,1
-125,-48,1
-125,-47,1
-125,-46,1
-125,-45,1
-125,-44,1
-125,-43,1
-125,-42,1
-125,0,1
-125,53,1
-125,54,2
-125,55,4
-125,56,5
-125,57,8
-125,58,10
-125,59,13
-125,60,15
-125,61,17
-125,62,18
-125,63,18
-125,64,17
-125,65,15
-125,66,13
-125,67,11
-125,68,9
-125,69,7
-125,70,5
-125,71,4
-125,72,3
-125,73,2
-125,74,1
-125,75,1
-125,76,1
-125,77,1
-125,78,1
-125,79,1
-125,80,1
-125,81,1
-124,-90,1
-124,-88,2
-124,-87,3
-124,-86,3
-124,-85,4
-124,-84,5
-124,-83,5
-124,-82,6
-124,-81,8
-124,-80,9
-124,-79,10
-124,-78,11
-124,-77,13
-124,-76,13
-124,-75,13
-124,-74,13
-124,-73,12
-124,-72,11
-124,-71,9
-124,-70,7
-124,-69,6
-124,-68,4
-124,-67,3
-124,-66,2
-124,-65,1
-124,-51,1
-124,-50,1
-124,-49,1
-124,-48,1
-124,-47,1
-124,-46,1
-124,-45,1
-124,-44,1
-124,-43,1
-124,-42,1
-124,0,1
-124,52,1
-124,53,1
-124,54,2
-124,55,4
-124,56,6
-124,57,8
-124,58,11
-124,59,14
-124,60,16
-124,61,17
-124,62,18
-124,63,18
-124,64,17
-124,65,15
-124,66,13
-124,67,11
-124,68,9
-124,69,7
-124,70,5
-124,71,4
-124,72,3
-124,73,2
-124,74,1
-124,75,1
-124,76,1
-124,77,1
-124,78,1
-124,79,1
-124,80,1
-124,81,1
-123,-90,1
-123,-88,2
-123,-87,3
-123,-86,3
-123,-85,4
-123,-84,5
-123,-83,6
-123,-82,7
-123,-81,8
-123,-80,9
-123,-79,10
-123,-78,12
-123,-77,13
-123,-76,13
-123,-75,13
-123,-74,13
-123,-73,12
-123,-72,10
-123,-71,9
-123,-70,7
-123,-69,5
-123,-68,4
-123,-67,3
-123,-66,2
-123,-65,1
-123,-51,1
-123,-50,1
-123,-49,1
-123,-48,1
-123,-47,1
-123,-46,1
-123,-45,1
-123,-44,1
-123,-43,1
-123,-42,1
-123,0,1
-123,52,1
-123,53,2
-123,54,3
-123,55,4
-123,56,7
-123,57,9
-123,58,12
-123,59,14
-123,60,16
-123,61,18
-123,62,18
-123,63,18
-123,64,17
-123,65,15
-123,66,13
-123,67,11
-123,68,8
-123,69,6
-123,70,5
-123,71,3
-123,72,2
-123,73,2
-123,74,1
-123,75,1
-123,76,1
-123,77,1
-123,78,1
-123,79,1
-123,80,1
-122,-90,1
-122,-88,2
-122,-87,3
-122,-86,3
-122,-85,4
-122,-84,5
-122,-83,6
-122,-82,7
-122,-81,8
-122,-80,9
-122,-79,10
-122,-78,12
-122,-77,13
-122,-76,13
-122,-75,13
-122,-74,12
-122,-73,11
-122,-72,10
-122,-71,8
-122,-70,7
-122,-69,5
-122,-68,4
-122,-67,2
-122,-66,1
-122,-65,1
-122,-51,1
-122,-50,1
-122,-49,1
-122,-48,1
-122,-47,1
-122,-46,1
-122,-45,1
-122,-44,1
-122,-43,1
-122,-42,1
-122,0,1
-122,52,1
-122,53,2
-122,54,3
-122,55,5
-122,56,7
-122,57,10
-122,58,12
-122,59,15
-122,60,17
-122,61,18
-122,62,19
-122,63,18
-122,64,17
-122,65,15
-122,66,13
-122,67,10
-122,68,8
-122,69,6
-122,70,5
-122,71,3
-122,72,2
-122,73,2
-122,74,1
-122,75,1
-122,76,1
-122,77,1
-122,78,1
-122,79,1
-122,80,1
-121,-90,1
-121,-88,2
-121,-87,3
-121,-86,3
-121,-85,4
-121,-84,5
-121,-83,6
-121,-82,7
-121,-81,8
-121,-80,9
-121,-79,11
-121,-78,12
-121,-77,13
-121,-76,13
-121,-75,13
-121,-74,12
-121,-73,11
-121,-72,10
-121,-71,8
-121,-70,6
-121,-69,5
-121,-68,3
-121,-67,2
-121,-66,1
-121,-65,1
-121,-51,1
-121,-50,1
-121,-49,1
-121,-48,1
-121,-47,1
-121,-46,1
-121,-45,1
-121,-44,1
-121,-43,1
-121,-42,1
-121,0,1
-121,52,1
-121,53,2
-121,54,3
-121,55,5
-121,56,8
-121,57,10
-121,58,13
-121,59,15
-121,60,17
-121,61,19
-121,62,19
-121,63,18
-121,64,17
-121,65,15
-121,66,12
-121,67,10
-121,68,8
-121,69,6
-121,70,4
-121,71,3
-121,72,2
-121,73,1
-121,74,1
-121,75,1
-121,76,1
-121,77,1
-121,78,1
-121,79,1
-120,-90,1
-120,-88,2
-120,-87,3
-120,-86,3
-120,-85,4
-120,-84,5
-120,-83,6
-120,-82,7
-120,-81,8
-120,-80,9
-120,-79,11
-120,-78,12
-120,-77,13
-120,-76,13
-120,-75,13
-120,-74,12
-120,-73,11
-120,-72,9
-120,-71,8
-120,-70,6
-120,-69,4
-120,-68,3
-120,-67,2
-120,-66,1
-120,-51,1
-120,-50,1
-120,-49,1
-120,-48,1
-120,-47,1
-120,-46,1
-120,-45,1
-120,-44,1
-120,-43,1
-120,-42,1
-120,0,1
-120,52,1
-120,53,2
-120,54,4
-120,55,6
-120,56,8
-120,57,11
-120,58,14
-120,59,16
-120,60,18
-120,61,19
-120,62,19
-120,63,18
-120,64,17
-120,65,15
-120,66,12
-120,67,10
-120,68,8
-120,69,6
-120,70,4
-120,71,3
-120,72,2
-120,73,1
-120,74,1
-120,75,1
-120,76,1
-120,77,1
-120,78,1
-120,79,1
-119,-90,1
-119,-88,2
-119,-87,3
-119,-86,3
-119,-85,4
-119,-84,5
-119,-83,6
-119,-82,7
-119,-81,8
-119,-80,10
-119,-79,11
-119,-78,12
-119,-77,12
-119,-76,13
-119,-75,12
-119,-74,12
-119,-73,10
-119,-72,9
-119,-71,7
-119,-70,6
-119,-69,4
-119,-68,3
-119,-67,2
-119,-66,1
-119,-51,1
-119,-50,1
-119,-49,1
-119,-48,1
-119,-47,1
-119,-46,1
-119,-45,1
-119,-44,1
-119,-43,1
-119,-42,1
-119,0,1
-119,51,1
-119,52,1
-119,53,3
-119,54,4
-119,55,6
-119,56,9
-119,57,12
-119,58,14
-119,59,17
-119,60,18
-119,61,19
-119,62,19
-119,63,18
-119,64,16
-119,65,14
-119,66,12
-119,67,10
-119,68,7
-119,69,5
-119,70,4
-119,71,3
-119,72,2
-119,73,1
-119,74,1
-119,75,1
-119,76,1
-119,77,1
-119,78,1
-118,-90,1
-118,-88,2
-118,-87,3
-118,-86,3
-118,-85,4
-118,-84,5
-118,-83,6
-118,-82,7
-118,-81,8
-118,-80,10
-118,-79,11
-118,-78,12
-118,-77,12
-118,-76,13
-118,-75,12
-118,-74,11
-118,-73,10
-118,-72,9
-118,-71,7
-118,-70,5
-118,-69,4
-118,-68,3
-118,-67,2
-118,-66,1
-118,-51,1
-118,-50,1
-118,-49,1
-118,-48,1
-118,-47,1
-118,-46,1
-118,-45,1
-118,-44,1
-118,-43,1
-118,-42,1
-118,0,1
-118,51,1
-118,52,2
-118,53,3
-118,54,5
-118,55,7
-118,56,9
-118,57,12
-118,58,15
-118,59,17
-118,60,19
-118,61,19
-118,62,19
-118,63,18
-118,64,16
-118,65,14
-118,66,12
-118,67,9
-118,68,7
-118,69,5
-118,70,4
-118,71,3
-118,72,2
-118,73,1
-118,74,1
-118,75,1
-118,76,1
-118,77,1
-117,-90,1
-117,-88,2
-117,-87,3
-117,-86,3
-117,-85,4
-117,-84,5
-117,-83,6
-117,-82,7
-117,-81,8
-117,-80,10
-117,-79,11
-117,-78,12
-117,-77,12
-117,-76,12
-117,-75,12
-117,-74,11
-117,-73,10
-117,-72,8
-117,-71,7
-117,-70,5
-117,-69,4
-117,-68,2
-117,-67,1
-117,-66,1
-117,-51,1
-117,-50,1
-117,-49,1
-117,-48,1
-117,-47,1
-117,-46,1
-117,-45,1
-117,-44,1
-117,-43,1
-117,-42,1
-117,0,1
-117,51,1
-117,52,2
-117,53,3
-117,54,5
-117,55,7
-117,56,10
-117,57,13
-117,58,15
-117,59,18
-117,60,19
-117,61,20
-117,62,19
-117,63,18
-117,64,16
-117,65,14
-117,66,11
-117,67,9
-117,68,7
-117,69,5
-117,70,3
-117,71,2
-117,72,2
-117,73,1
-117,74,1
-117,75,1
-117,76,1
-116,-90,1
-116,-88,2
-116,-87,3
-116,-86,4
-116,-85,4
-116,-84,5
-116,-83,6
-116,-82,7
-116,-81,9
-116,-80,10
-116,-79,11
-116,-78,12
-116,-77,12
-116,-76,12
-116,-75,12
-116,-74,11
-116,-73,10
-116,-72,8
-116,-71,6
-116,-70,5
-116,-69,3
-116,-68,2
-116,-67,1
-116,-66,1
-116,-51,1
-116,-50,1
-116,-49,1
-116,-48,1
-116,-47,1
-116,-46,1
-116,-45,1
-116,-44,1
-116,-43,1
-116,-42,1
-116,0,1
-116,51,1
-116,52,2
-116,53,4
-116,54,5
-116,55,8
-116,56,11
-116,57,13
-116,58,16
-116,59,18
-116,60,19
-116,61,20
-116,62,19
-116,63,18
-116,64,16
-116,65,13
-116,66,11
-116,67,8
-116,68,6
-116,69,5
-116,70,3
-116,71,2
-116,72,2
-116,73,1
-116,74,1
-116,75,1
-116,76,1
-115,-90,1
-115,-88,2
-115,-87,3
-115,-86,4
-115,-85,4
-115,-84,5
-115,-83,6
-115,-82,7
-115,-81,9
-115,-80,10
-115,-79,11
-115,-78,12
-115,-77,12
-115,-76,12
-115,-75,12
-115,-74,11
-115,-73,9
-115,-72,8
-115,-71,6
-115,-70,5
-115,-69,3
-115,-68,2
-115,-67,1
-115,-66,1
-115,-51,1
-115,-50,1
-115,-49,1
-115,-48,1
-115,-47,1
-115,-46,1
-115,-45,1
-115,-44,1
-115,-43,1
-115,-42,1
-115,0,1
-115,50,1
-115,51,1
-115,52,2
-115,53,4
-115,54,6
-115,55,8
-115,56,11
-115,57,14
-115,58,16
-115,59,18
-115,60,20
-115,61,20
-115,62,19
-115,63,17
-115,64,15
-115,65,13
-115,66,10
-115,67,8
-115,68,6
-115,69,4
-115,70,3
-115,71,2
-115,72,1
-115,73,1
-115,74,1
-115,75,1
-115,76,1
-114,-90,1
-114,-88,2
-114,-87,3
-114,-86,4
-114,-85,4
-114,-84,5
-114,-83,6
-114,-82,7
-114,-81,9
-114,-80,10
-114,-79,11
-114,-78,12
-114,-77,12
-114,-76,12
-114,-75,11
-114,-74,10
-114,-73,9
-114,-72,7
-114,-71,6
-114,-70,4
-114,-69,3
-114,-68,2
-114,-67,1
-114,-51,1
-114,-50,1
-114,-49,1
-114,-48,1
-114,-47,1
-114,-46,1
-114,-45,1
-114,-44,1
-114,-43,1
-114,-42,1
-114,0,1
-114,50,1
-114,51,1
-114,52,3
-114,53,4
-114,54,6
-114,55,9
-114,56,12
-114,57,14
-114,58,17
-114,59,19
-114,60,20
-114,61,20
-114,62,19
-114,63,17
-114,64,15
-114,65,13
-114,66,10
-114,67,8
-114,68,6
-114,69,4
-114,70,3
-114,71,2
-114,72,1
-114,73,1
-114,74,1
-114,75,1
-113,-90,1
-113,-88,2
-113,-87,3
-113,-86,4
-113,-85,4
-113,-84,5
-113,-83,6
-113,-82,8
-113,-81,9
-113,-80,10
-113,-79,11
-113,-78,12
-113,-77,12
-113,-76,12
-113,-75,11
-113,-74,10
-113,-73,9
-113,-72,7
-113,-71,6
-113,-70,4
-113,-69,3
-113,-68,2
-113,-67,1
-113,-51,1
-113,-50,1
-113,-49,1
-113,-48,1
-113,-47,1
-113,-46,1
-113,-45,1
-113,-44,1
-113,-43,1
-113,-42,1
-113,0,1
-113,50,1
-113,51,2
-113,52,3
-113,53,5
-113,54,7
-113,55,9
-113,56,12
-113,57,15
-113,58,17
-113,59,19
-113,60,20
-113,61,20
-113,62,19
-113,63,17
-113,64,15
-113,65,12
-113,66,10
-113,67,7
-113,68,6
-113,69,4
-113,70,3
-113,71,2
-113,72,1
-113,73,1
-113,74,1
-113,75,1
-112,-90,1
-112,-88,2
-112,-87,3
-112,-86,4
-112,-85,5
-112,-84,5
-112,-83,6
-112,-82,8
-112,-81,9
-112,-80,10
-112,-79,11
-112,-78,12
-112,-77,12
-112,-76,12
-112,-75,11
-112,-74,10
-112,-73,8
-112,-72,7
-112,-71,5
-112,-70,4
-112,-69,3
-112,-68,2
-112,-67,1
-112,-51,1
-112,-50,1
-112,-49,1
-112,-48,1
-112,-47,1
-112,-46,1
-112,-45,1
-112,-44,1
-112,-43,1
-112,-42,1
-112,0,1
-112,50,1
-112,51,2
-112,52,3
-112,53,5
-112,54,7
-112,55,10
-112,56,13
-112,57,15
-112,58,18
-112,59,19
-112,60,20
-112,61,20
-112,62,18
-112,63,17
-112,64,14
-112,65,12
-112,66,9
-112,67,7
-112,68,5
-112,69,4
-112,70,3
-112,71,2
-112,72,1
-112,73,1
-112,74,1
-112,75,1
-111,-90,1
-111,-88,2
-111,-87,3
-111,-86,4
-111,-85,5
-111,-84,5
-111,-83,7
-111,-82,8
-111,-81,9
-111,-80,10
-111,-79,11
-111,-78,12
-111,-77,12
-111,-76,11
-111,-75,11
-111,-74,9
-111,-73,8
-111,-72,7
-111,-71,5
-111,-70,4
-111,-69,3
-111,-68,2
-111,-67,1
-111,-51,1
-111,-50,1
-111,-49,1
-111,-48,1
-111,-47,1
-111,-46,1
-111,-45,1
-111,-44,1
-111,-43,1
-111,-42,1
-111,0,1
-111,50,1
-111,51,2
-111,52,3
-111,53,5
-111,54,8
-111,55,10
-111,56,13
-111,57,16
-111,58,18
-111,59,19
-111,60,20
-111,61,19
-111,62,18
-111,63,16
-111,64,14
-111,65,11
-111,66,9
-111,67,7
-111,68,5
-111,69,4
-111,70,2
-111,71,2
-111,72,1
-111,73,1
-111,74,1
-111,75,1
-110,-90,1
-110,-88,2
-110,-87,3
-110,-86,4
-110,-85,5
-110,-84,6
-110,-83,7
-110,-82,8
-110,-81,9
-110,-80,10
-110,-79,11
-110,-78,12
-110,-77,12
-110,-76,11
-110,-75,10
-110,-74,9
-110,-73,8
-110,-72,6
-110,-71,5
-110,-70,4
-110,-69,2
-110,-68,1
-110,-67,1
-110,-51,1
-110,-50,1
-110,-49,1
-110,-48,1
-110,-47,1
-110,-46,1
-110,-45,1
-110,-44,1
-110,-43,1
-110,-42,1
-110,0,1
-110,50,1
-110,51,2
-110,52,4
-110,53,6
-110,54,8
-110,55,11
-110,56,14
-110,57,16
-110,58,18
-110,59,19
-110,60,20
-110,61,19
-110,62,18
-110,63,16
-110,64,14
-110,65,11
-110,66,9
-110,67,6
-110,68,5
-110,69,3
-110,70,2
-110,71,2
-110,72,1
-110,73,1
-110,74,1
-109,-90,1
-109,-88,2
-109,-87,3
-109,-86,4
-109,-85,5
-109,-84,6
-109,-83,7
-109,-82,8
-109,-81,9
-109,-80,10
-109,-79,11
-109,-78,11
-109,-77,12
-109,-76,11
-109,-75,10
-109,-74,9
-109,-73,8
-109,-72,6
-109,-71,5
-109,-70,3
-109,-69,2
-109,-68,1
-109,-67,1
-109,-52,1
-109,-51,1
-109,-50,1
-109,-49,1
-109,-48,1
-109,-47,1
-109,-46,1
-109,-45,1
-109,-44,1
-109,-43,1
-109,-42,1
-109,0,1
-109,49,1
-109,50,1
-109,51,2
-109,52,4
-109,53,6
-109,54,8
-109,55,11
-109,56,14
-109,57,16
-109,58,18
-109,59,20
-109,60,20
-109,61,19
-109,62,18
-109,63,16
-109,64,13
-109,65,11
-109,66,8
-109,67,6
-109,68,4
-109,69,3
-109,70,2
-109,71,1
-109,72,1
-109,73,1
-109,74,1
-108,-90,1
-108,-88,2
-108,-87,3
-108,-86,4
-108,-85,5
-108,-84,6
-108,-83,7
-108,-82,8
-108,-81,9
-108,-80,10
-108,-79,11
-108,-78,11
-108,-77,11
-108,-76,11
-108,-75,10
-108,-74,9
-108,-73,7
-108,-72,6
-108,-71,4
-108,-70,3
-108,-69,2
-108,-68,1
-108,-67,1
-108,-52,1
-108,-51,1
-108,-50,1
-108,-49,1
-108,-48,1
-108,-47,1
-108,-46,1
-108,-45,1
-108,-44,1
-108,-43,1
-108,-42,1
-108,0,1
-108,49,1
-108,50,1
-108,51,3
-108,52,4
-108,53,6
-108,54,9
-108,55,12
-108,56,14
-108,57,17
-108,58,19
-108,59,20
-108,60,20
-108,61,19
-108,62,17
-108,63,15
-108,64,13
-108,65,10
-108,66,8
-108,67,6
-108,68,4
-108,69,3
-108,70,2
-108,71,1
-108,72,1
-108,73,1
-108,74,1
-107,-90,1
-107,-88,2
-107,-87,3
-107,-86,4
-107,-85,5
-107,-84,6
-107,-83,7
-107,-82,8
-107,-81,9
-107,-80,10
-107,-79,11
-107,-78,11
-107,-77,11
-107,-76,11
-107,-75,10
-107,-74,8
-107,-73,7
-107,-72,6
-107,-71,4
-107,-70,3
-107,-69,2
-107,-68,1
-107,-52,1
-107,-51,1
-107,-50,1
-107,-49,1
-107,-48,1
-107,-47,1
-107,-46,1
-107,-45,1
-107,-44,1
-107,-43,1
-107,-42,1
-107,0,1
-107,49,1
-107,50,2
-107,51,3
-107,52,5
-107,53,7
-107,54,9
-107,55,12
-107,56,15
-107,57,17
-107,58,19
-107,59,19
-107,60,19
-107,61,19
-107,62,17
-107,63,15
-107,64,12
-107,65,10
-107,66,8
-107,67,6
-107,68,4
-107,69,3
-107,70,2
-107,71,1
-107,72,1
-107,73,1
-107,74,1
-106,-90,2
-106,-88,2
-106,-87,3
-106,-86,4
-106,-85,5
-106,-84,6
-106,-83,7
-106,-82,8
-106,-81,9
-106,-80,10
-106,-79,11
-106,-78,11
-106,-77,11
-106,-76,11
-106,-75,10
-106,-74,8
-106,-73,7
-106,-72,5
-106,-71,4
-106,-70,3
-106,-69,2
-106,-68,1
-106,-52,1
-106,-51,1
-106,-50,1
-106,-49,1
-106,-48,1
-106,-47,1
-106,-46,1
-106,-45,1
-106,-44,1
-106,-43,1
-106,-42,1
-106,0,1
-106,49,1
-106,50,2
-106,51,3
-106,52,5
-106,53,7
-106,54,9
-106,55,12
-106,56,15
-106,57,17
-106,58,19
-106,59,19
-106,60,19
-106,61,18
-106,62,16
-106,63,14
-106,64,12
-106,65,9
-106,66,7
-106,67,5
-106,68,4
-106,69,3
-106,70,2
-106,71,1
-106,72,1
-106,73,1
-105,-90,2
-105,-88,2
-105,-87,3
-105,-86,4
-105,-85,5
-105,-84,6
-105,-83,7
-105,-82,8
-105,-81,9
-105,-80,10
-105,-79,11
-105,-78,11
-105,-77,11
-105,-76,10
-105,-75,9
-105,-74,8
-105,-73,7
-105,-72,5
-105,-71,4
-105,-70,3
-105,-69,2
-105,-68,1
-105,-52,1
-105,-51,1
-105,-50,1
-105,-49,1
-105,-48,1
-105,-47,1
-105,-46,1
-105,-45,1
-105,-44,1
-105,-43,1
-105,-42,1
-105,0,1
-105,49,1
-105,50,2
-105,51,3
-105,52,5
-105,53,7
-105,54,10
-105,55,12
-105,56,15
-105,57,17
-105,58,19
-105,59,19
-105,60,19
-105,61,18
-105,62,16
-105,63,14
-105,64,11
-105,65,9
-105,66,7
-105,67,5
-105,68,4
-105,69,2
-105,70,2
-105,71,1
-105,72,1
-105,73,1
-104,-90,2
-104,-88,2
-104,-87,3
-104,-86,4
-104,-85,5
-104,-84,6
-104,-83,7
-104,-82,8
-104,-81,9
-104,-80,10
-104,-79,11
-104,-78,11
-104,-77,11
-104,-76,10
-104,-75,9
-104,-74,8
-104,-73,6
-104,-72,5
-104,-71,4
-104,-70,3
-104,-69,2
-104,-68,1
-104,-52,1
-104,-51,1
-104,-50,1
-104,-49,1
-104,-48,1
-104,-47,1
-104,-46,1
-104,-45,1
-104,-44,1
-104,-43,1
-104,-42,1
-104,0,1
-104,48,1
-104,49,1
-104,50,2
-104,51,3
-104,52,5
-104,53,8
-104,54,10
-104,55,13
-104,56,15
-104,57,17
-104,58,19
-104,59,19
-104,60,19
-104,61,18
-104,62,16
-104,63,14
-104,64,11
-104,65,9
-104,66,7
-104,67,5
-104,68,3
-104,69,2
-104,70,2
-104,71,1
-104,72,1
-104,73,1
-103,-90,2
-103,-88,2
-103,-87,3
-103,-86,4
-103,-85,5
-103,-84,6
-103,-83,7
-103,-82,8
-103,-81,9
-103,-80,10
-103,-79,11
-103,-78,11
-103,-77,11
-103,-76,10
-103,-75,9
-103,-74,8
-103,-73,6
-103,-72,5
-103,-71,4
-103,-70,2
-103,-69,2
-103,-68,1
-103,-52,1
-103,-51,1
-103,-50,1
-103,-49,1
-103,-48,1
-103,-47,1
-103,-46,1
-103,-45,1
-103,-44,1
-103,-43,1
-103,-42,1
-103,0,1
-103,48,1
-103,49,1
-103,50,2
-103,51,4
-103,52,6
-103,53,8
-103,54,10
-103,55,13
-103,56,15
-103,57,17
-103,58,19
-103,59,19
-103,60,18
-103,61,17
-103,62,15
-103,63,13
-103,64,11
-103,65,8
-103,66,6
-103,67,5
-103,68,3
-103,69,2
-103,70,2
-103,71,1
-103,72,1
-103,73,1
-102,-90,2
-102,-88,2
-102,-87,3
-102,-86,4
-102,-85,5
-102,-84,6
-102,-83,7
-102,-82,8
-102,-81,9
-102,-80,10
-102,-79,11
-102,-78,11
-102,-77,11
-102,-76,10
-102,-75,9
-102,-74,7
-102,-73,6
-102,-72,5
-102,-71,3
-102,-70,2
-102,-69,1
-102,-68,1
-102,-52,1
-102,-51,1
-102,-50,1
-102,-49,1
-102,-48,1
-102,-47,1
-102,-46,1
-102,-45,1
-102,-44,1
-102,-43,1
-102,-42,1
-102,0,1
-102,48,1
-102,49,1
-102,50,2
-102,51,4
-102,52,6
-102,53,8
-102,54,11
-102,55,13
-102,56,15
-102,57,17
-102,58,18
-102,59,19
-102,60,18
-102,61,17
-102,62,15
-102,63,13
-102,64,10
-102,65,8
-102,66,6
-102,67,4
-102,68,3
-102,69,2
-102,70,1
-102,71,1
-102,72,1
-102,73,1
-101,-90,2
-101,-88,2
-101,-87,3
-101,-86,4
-101,-85,5
-101,-84,6
-101,-83,7
-101,-82,8
-101,-81,9
-101,-80,10
-101,-79,11
-101,-78,11
-101,-77,10
-101,-76,10
-101,-75,8
-101,-74,7
-101,-73,6
-101,-72,5
-101,-71,3
-101,-70,2
-101,-69,1
-101,-68,1
-101,-52,1
-101,-51,1
-101,-50,1
-101,-49,1
-101,-48,1
-101,-47,1
-101,-46,1
-101,-45,1
-101,-44,1
-101,-43,1
-101,-42,1
-101,0,1
-101,48,1
-101,49,1
-101,50,3
-101,51,4
-101,52,6
-101,53,8
-101,54,11
-101,55,13
-101,56,16
-101,57,17
-101,58,18
-101,59,19
-101,60,18
-101,61,16
-101,62,15
-101,63,12
-101,64,10
-101,65,8
-101,66,6
-101,67,4
-101,68,3
-101,69,2
-101,70,1
-101,71,1
-101,72,1
-101,73,1
-100,-90,2
-100,-88,2
-100,-87,3
-100,-86,4
-100,-85,5
-100,-84,6
-100,-83,7
-100,-82,8
-100,-81,9
-100,-80,10
-100,-79,11
-100,-78,11
-100,-77,10
-100,-76,9
-100,-75,8
-100,-74,7
-100,-73,6
-100,-72,4
-100,-71,3
-100,-70,2
-100,-69,1
-100,-68,1
-100,-52,1
-100,-51,1
-100,-50,1
-100,-49,1
-100,-48,1
-100,-47,1
-100,-46,1
-100,-45,1
-100,-44,1
-100,-43,1
-100,-42,1
-100,0,1
-100,48,1
-100,49,2
-100,50,3
-100,51,4
-100,52,6
-100,53,8
-100,54,11
-100,55,13
-100,56,16
-100,57,17
-100,58,18
-100,59,18
-100,60,18
-100,61,16
-100,62,14
-100,63,12
-100,64,10
-100,65,8
-100,66,6
-100,67,4
-100,68,3
-100,69,2
-100,70,1
-100,71,1
-100,72,1
-99,-90,2
-99,-88,2
-99,-87,3
-99,-86,4
-99,-85,5
-99,-84,6
-99,-83,7
-99,-82,8
-99,-81,9
-99,-80,10
-99,-79,11
-99,-78,11
-99,-77,10
-99,-76,9
-99,-75,8
-99,-74,7
-99,-73,5
-99,-72,4
-99,-71,3
-99,-70,2
-99,-69,1
-99,-68,1
-99,-52,1
-99,-51,1
-99,-50,1
-99,-49,1
-99,-48,1
-99,-47,1
-99,-46,1
-99,-45,1
-99,-44,1
-99,-43,1
-99,-42,1
-99,0,1
-99,48,1
-99,49,2
-99,50,3
-99,51,4
-99,52,6
-99,53,9
-99,54,11
-99,55,13
-99,56,16
-99,57,17
-99,58,18
-99,59,18
-99,60,17
-99,61,16
-99,62,14
-99,63,12
-99,64,9
-99,65,7
-99,66,5
-99,67,4
-99,68,3
-99,69,2
-99,70,1
-99,71,1
-99,72,1
-98,-90,2
-98,-88,2
-98,-87,3
-98,-86,4
-98,-85,5
-98,-84,6
-98,-83,7
-98,-82,8
-98,-81,9
-98,-80,10
-98,-79,10
-98,-78,10
-98,-77,10
-98,-76,9
-98,-75,8
-98,-74,7
-98,-73,5
-98,-72,4
-98,-71,3
-98,-70,2
-98,-69,1
-98,-52,1
-98,-51,1
-98,-50,1
-98,-49,1
-98,-48,1
-98,-47,1
-98,-46,1
-98,-45,1
-98,-44,1
-98,-43,1
-98,-42,1
-98,0,1
-98,48,1
-98,49,2
-98,50,3
-98,51,4
-98,52,6
-98,53,9
-98,54,11
-98,55,13
-98,56,16
-98,57,17
-98,58,18
-98,59,18
-98,60,17
-98,61,15
-98,62,13
-98,63,11
-98,64,9
-98,65,7
-98,66,5
-98,67,4
-98,68,3
-98,69,2
-98,70,1
-98,71,1
-98,72,1
-97,-90,2
-97,-88,2
-97,-87,3
-97,-86,4
-97,-85,5
-97,-84,6
-97,-83,7
-97,-82,8
-97,-81,9
-97,-80,10
-97,-79,10
-97,-78,10
-97,-77,10
-97,-76,9
-97,-75,8
-97,-74,7
-97,-73,5
-97,-72,4
-97,-71,3
-97,-70,2
-97,-69,1
-97,-52,1
-97,-51,1
-97,-50,1
-97,-49,1
-97,-48,1
-97,-47,1
-97,-46,1
-97,-45,1
-97,-44,1
-97,-43,1
-97,-42,1
-97,0,1
-97,47,1
-97,48,1
-97,49,2
-97,50,3
-97,51,5
-97,52,6
-97,53,9
-97,54,11
-97,55,13
-97,56,15
-97,57,17
-97,58,18
-97,59,18
-97,60,17
-97,61,15
-97,62,13
-97,63,11
-97,64,9
-97,65,7
-97,66,5
-97,67,4
-97,68,2
-97,69,2
-97,70,1
-97,71,1
-97,72,1
-96,-90,2
-96,-88,2
-96,-87,3
-96,-86,4
-96,-85,5
-96,-84,6
-96,-83,7
-96,-82,8
-96,-81,9
-96,-80,10
-96,-79,10
-96,-78,10
-96,-77,10
-96,-76,9
-96,-75,8
-96,-74,6
-96,-73,5
-96,-72,4
-96,-71,3
-96,-70,2
-96,-69,1
-96,-52,1
-96,-51,1
-96,-50,1
-96,-49,1
-96,-48,1
-96,-47,1
-96,-46,1
-96,-45,1
-96,-44,1
-96,-43,1
-96,-42,1
-96,0,1
-96,47,1
-96,48,1
-96,49,2
-96,50,3
-96,51,5
-96,52,7
-96,53,9
-96,54,11
-96,55,13
-96,56,15
-96,57,17
-96,58,17
-96,59,17
-96,60,16
-96,61,15
-96,62,13
-96,63,11
-96,64,9
-96,65,7
-96,66,5
-96,67,3
-96,68,2
-96,69,2
-96,70,1
-96,71,1
-96,72,1
-95,-90,2
-95,-88,2
-95,-87,3
-95,-86,4
-95,-85,5
-95,-84,6
-95,-83,7
-95,-82,8
-95,-81,9
-95,-80,10
-95,-79,10
-95,-78,10
-95,-77,9
-95,-76,9
-95,-75,7
-95,-74,6
-95,-73,5
-95,-72,4
-95,-71,3
-95,-70,2
-95,-69,1
-95,-51,1
-95,-50,1
-95,-49,1
-95,-48,1
-95,-47,1
-95,-46,1
-95,-45,1
-95,-44,1
-95,-43,1
-95,-42,1
-95,0,1
-95,47,1
-95,48,1
-95,49,2
-95,50,3
-95,51,5
-95,52,7
-95,53,9
-95,54,11
-95,55,13
-95,56,15
-95,57,17
-95,58,17
-95,59,17
-95,60,16
-95,61,14
-95,62,13
-95,63,10
-95,64,8
-95,65,6
-95,66,5
-95,67,3
-95,68,2
-95,69,2
-95,70,1
-95,71,1
-95,72,1
-94,-90,2
-94,-88,2
-94,-87,3
-94,-86,4
-94,-85,5
-94,-84,6
-94,-83,7
-94,-82,8
-94,-81,9
-94,-80,10
-94,-79,10
-94,-78,10
-94,-77,9
-94,-76,8
-94,-75,7
-94,-74,6
-94,-73,5
-94,-72,4
-94,-71,2
-94,-70,2
-94,-69,1
-94,-51,1
-94,-50,1
-94,-49,1
-94,-48,1
-94,-47,1
-94,-46,1
-94,-45,1
-94,-44,1
-94,-43,1
-94,-42,1
-94,0,1
-94,47,1
-94,48,1
-94,49,2
-94,50,3
-94,51,5
-94,52,7
-94,53,9
-94,54,11
-94,55,13
-94,56,15
-94,57,16
-94,58,17
-94,59,17
-94,60,16
-94,61,14
-94,62,12
-94,63,10
-94,64,8
-94,65,6
-94,66,5
-94,67,3
-94,68,2
-94,69,2
-94,70,1
-94,71,1
-94,72,1
-93,-90,2
-93,-88,2
-93,-87,3
-93,-86,4
-93,-85,5
-93,-84,6
-93,-83,7
-93,-82,8
-93,-81,9
-93,-80,10
-93,-79,10
-93,-78,10
-93,-77,9
-93,-76,8
-93,-75,7
-93,-74,6
-93,-73,5
-93,-72,3
-93,-71,2
-93,-70,1
-93,-69,1
-93,-51,1
-93,-50,1
-93,-49,1
-93,-48,1
-93,-47,1
-93,-46,1
-93,-45,1
-93,-44,1
-93,-43,1
-93,-42,1
-93,0,1
-93,47,1
-93,48,1
-93,49,2
-93,50,3
-93,51,5
-93,52,7
-93,53,9
-93,54,11
-93,55,13
-93,56,15
-93,57,16
-93,58,17
-93,59,16
-93,60,15
-93,61,14
-93,62,12
-93,63,10
-93,64,8
-93,65,6
-93,66,5
-93,67,3
-93,68,2
-93,69,1
-93,70,1
-93,71,1
-92,-90,2
-92,-88,2
-92,-87,3
-92,-86,4
-92,-85,5
-92,-84,6
-92,-83,7
-92,-82,8
-92,-81,9
-92,-80,10
-92,-79,10
-92,-78,10
-92,-77,9
-92,-76,8
-92,-75,7
-92,-74,6
-92,-73,5
-92,-72,3
-92,-71,2
-92,-70,1
-92,-69,1
-92,-51,1
-92,-50,1
-92,-49,1
-92,-48,1
-92,-47,1
-92,-46,1
-92,-45,1
-92,-44,1
-92,-43,1
-92,-42,1
-92,0,1
-92,47,1
-92,48,1
-92,49,2
-92,50,3
-92,51,5
-92,52,7
-92,53,9
-92,54,11
-92,55,13
-92,56,15
-92,57,16
-92,58,16
-92,59,16
-92,60,15
-92,61,14
-92,62,12
-92,63,10
-92,64,8
-92,65,6
-92,66,4
-92,67,3
-92,68,2
-92,69,1
-92,70,1
-92,71,1
-91,-90,2
-91,-88,2
-91,-87,3
-91,-86,4
-91,-85,5
-91,-84,6
-91,-83,7
-91,-82,8
-91,-81,9
-91,-80,10
-91,-79,10
-91,-78,10
-91,-77,9
-91,-76,8
-91,-75,7
-91,-74,6
-91,-73,4
-91,-72,3
-91,-71,2
-91,-70,1
-91,-69,1
-91,-51,1
-91,-50,1
-91,-49,1
-91,-48,1
-91,-47,1
-91,-46,1
-91,-45,1
-91,-44,1
-91,-43,1
-91,-42,1
-91,0,1
-91,47,1
-91,48,1
-91,49,2
-91,50,3
-91,51,5
-91,52,7
-91,53,9
-91,54,11
-91,55,13
-91,56,15
-91,57,16
-91,58,16
-91,59,16
-91,60,15
-91,61,13
-91,62,11
-91,63,10
-91,64,8
-91,65,6
-91,66,4
-91,67,3
-91,68,2
-91,69,1
-91,70,1
-91,71,1
-90,-90,2
-90,-88,2
-90,-87,3
-90,-86,4
-90,-85,5
-90,-84,6
-90,-83,7
-90,-82,8
-90,-81,9
-90,-80,10
-90,-79,10
-90,-78,10
-90,-77,9
-90,-76,8
-90,-75,7
-90,-74,6
-90,-73,4
-90,-72,3
-90,-71,2
-90,-70,1
-90,-69,1
-90,-51,1
-90,-50,1
-90,-49,1
-90,-48,1
-90,-47,1
-90,-46,1
-90,-45,1
-90,-44,1
-90,-43,1
-90,-42,1
-90,0,1
-90,47,1
-90,48,1
-90,49,2
-90,50,3
-90,51,5
-90,52,6
-90,53,8
-90,54,11
-90,55,13
-90,56,14
-90,57,15
-90,58,16
-90,59,16
-90,60,15
-90,61,13
-90,62,11
-90,63,9
-90,64,7
-90,65,6
-90,66,4
-90,67,3
-90,68,2
-90,69,1
-90,70,1
-90,71,1
-89,-90,2
-89,-88,2
-89,-87,3
-89,-86,4
-89,-85,5
-89,-84,6
-89,-83,7
-89,-82,8
-89,-81,9
-89,-80,10
-89,-79,10
-89,-78,9
-89,-77,9
-89,-76,8
-89,-75,7
-89,-74,5
-89,-73,4
-89,-72,3
-89,-71,2
-89,-70,1
-89,-69,1
-89,-51,1
-89,-50,1
-89,-49,1
-89,-48,1
-89,-47,1
-89,-46,1
-89,-45,1
-89,-44,1
-89,-43,1
-89,-42,1
-89,-41,1
-89,0,1
-89,47,1
-89,48,1
-89,49,2
-89,50,3
-89,51,5
-89,52,6
-89,53,8
-89,54,10
-89,55,12
-89,56,14
-89,57,15
-89,58,16
-89,59,15
-89,60,14
-89,61,13
-89,62,11
-89,63,9
-89,64,7
-89,65,6
-89,66,4
-89,67,3
-89,68,2
-89,69,1
-89,70,1
-89,71,1
-88,-90,2
-88,-88,2
-88,-87,3
-88,-86,4
-88,-85,5
-88,-84,6
-88,-83,7
-88,-82,8
-88,-81,9
-88,-80,10
-88,-79,10
-88,-78,9
-88,-77,9
-88,-76,8
-88,-75,7
-88,-74,5
-88,-73,4
-88,-72,3
-88,-71,2
-88,-70,1
-88,-69,1
-88,-51,1
-88,-50,1
-88,-49,1
-88,-48,1
-88,-47,1
-88,-46,1
-88,-45,1
-88,-44,1
-88,-43,1
-88,-42,1
-88,-41,1
-88,0,1
-88,47,1
-88,48,1
-88,49,2
-88,50,3
-88,51,5
-88,52,6
-88,53,8
-88,54,10
-88,55,12
-88,56,14
-88,57,15
-88,58,15
-88,59,15
-88,60,14
-88,61,12
-88,62,11
-88,63,9
-88,64,7
-88,65,6
-88,66,4
-88,67,3
-88,68,2
-88,69,1
-88,70,1
-88,71,1
-87,-90,2
-87,-88,2
-87,-87,3
-87,-86,4
-87,-85,5
-87,-84,6
-87,-83,7
-87,-82,8
-87,-81,9
-87,-80,9
-87,-79,9
-87,-78,9
-87,-77,8
-87,-76,7
-87,-75,6
-87,-74,5
-87,-73,4
-87,-72,3
-87,-71,2
-87,-70,1
-87,-69,1
-87,-51,1
-87,-50,1
-87,-49,1
-87,-48,1
-87,-47,1
-87,-46,1
-87,-45,1
-87,-44,1
-87,-43,1
-87,-42,1
-87,-41,1
-87,0,1
-87,47,1
-87,48,1
-87,49,2
-87,50,3
-87,51,4
-87,52,6
-87,53,8
-87,54,10
-87,55,12
-87,56,13
-87,57,14
-87,58,15
-87,59,15
-87,60,14
-87,61,12
-87,62,11
-87,63,9
-87,64,7
-87,65,5
-87,66,4
-87,67,3
-87,68,2
-87,69,1
-87,70,1
-87,71,1
-86,-90,2
-86,-88,2
-86,-87,3
-86,-86,4
-86,-85,5
-86,-84,6
-86,-83,7
-86,-82,8
-86,-81,9
-86,-80,9
-86,-79,9
-86,-78,9
-86,-77,8
-86,-76,7
-86,-75,6
-86,-74,5
-86,-73,4
-86,-72,3
-86,-71,2
-86,-70,1
-86,-69,1
-86,-51,1
-86,-50,1
-86,-49,1
-86,-48,1
-86,-47,1
-86,-46,1
-86,-45,1
-86,-44,1
-86,-43,1
-86,-42,1
-86,-41,1
-86,0,1
-86,47,1
-86,48,1
-86,49,2
-86,50,3
-86,51,4
-86,52,6
-86,53,8
-86,54,10
-86,55,11
-86,56,13
-86,57,14
-86,58,15
-86,59,14
-86,60,13
-86,61,12
-86,62,10
-86,63,9
-86,64,7
-86,65,5
-86,66,4
-86,67,3
-86,68,2
-86,69,1
-86,70,1
-86,71,1
-85,-90,2
-85,-88,2
-85,-87,3
-85,-86,4
-85,-85,5
-85,-84,6
-85,-83,7
-85,-82,8
-85,-81,9
-85,-80,9
-85,-79,9
-85,-78,9
-85,-77,8
-85,-76,7
-85,-75,6
-85,-74,5
-85,-73,4
-85,-72,3
-85,-71,2
-85,-70,1
-85,-69,1
-85,-51,1
-85,-50,1
-85,-49,1
-85,-48,1
-85,-47,1
-85,-46,1
-85,-45,1
-85,-44,1
-85,-43,1
-85,-42,1
-85,-41,1
-85,0,1
-85,47,1
-85,48,1
-85,49,2
-85,50,3
-85,51,4
-85,52,6
-85,53,7
-85,54,9
-85,55,11
-85,56,13
-85,57,14
-85,58,14
-85,59,14
-85,60,13
-85,61,12
-85,62,10
-85,63,8
-85,64,7
-85,65,5
-85,66,4
-85,67,3
-85,68,2
-85,69,1
-85,70,1
-85,71,1
-84,-90,2
-84,-88,2
-84,-87,3
-84,-86,4
-84,-85,5
-84,-84,6
-84,-83,7
-84,-82,8
-84,-81,9
-84,-80,9
-84,-79,9
-84,-78,9
-84,-77,8
-84,-76,7
-84,-75,6
-84,-74,5
-84,-73,4
-84,-72,3
-84,-71,2
-84,-70,1
-84,-69,1
-84,-51,1
-84,-50,1
-84,-49,1
-84,-48,1
-84,-47,1
-84,-46,1
-84,-45,1
-84,-44,1
-84,-43,1
-84,-42,1
-84,-41,1
-84,-40,1
-84,0,1
-84,47,1
-84,48,1
-84,49,2
-84,50,3
-84,51,4
-84,52,5
-84,53,7
-84,54,9
-84,55,11
-84,56,12
-84,57,13
-84,58,14
-84,59,14
-84,60,13
-84,61,11
-84,62,10
-84,63,8
-84,64,7
-84,65,5
-84,66,4
-84,67,3
-84,68,2
-84,69,1
-84,70,1
-84,71,1
-83,-90,2
-83,-88,2
-83,-87,3
-83,-86,4
-83,-85,5
-83,-84,6
-83,-83,7
-83,-82,8
-83,-81,9
-83,-80,9
-83,-79,9
-83,-78,9
-83,-77,8
-83,-76,7
-83,-75,6
-83,-74,5
-83,-73,4
-83,-72,3
-83,-71,2
-83,-70,1
-83,-69,1
-83,-51,1
-83,-50,1
-83,-49,1
-83,-48,1
-83,-47,1
-83,-46,1
-83,-45,1
-83,-44,1
-83,-43,1
-83,-42,1
-83,-41,1
-83,-40,1
-83,0,1
-83,47,1
-83,48,1
-83,49,2
-83,50,3
-83,51,4
-83,52,5
-83,53,7
-83,54,9
-83,55,10
-83,56,12
-83,57,13
-83,58,13
-83,59,13
-83,60,12
-83,61,11
-83,62,10
-83,63,8
-83,64,7
-83,65,5
-83,66,4
-83,67,3
-83,68,2
-83,69,1
-83,70,1
-83,71,1
-82,-90,2
-82,-88,2
-82,-87,3
-82,-86,4
-82,-85,5
-82,-84,6
-82,-83,7
-82,-82,8
-82,-81,9
-82,-80,9
-82,-79,9
-82,-78,9
-82,-77,8
-82,-76,7
-82,-75,6
-82,-74,5
-82,-73,4
-82,-72,3
-82,-71,2
-82,-70,1
-82,-69,1
-82,-51,1
-82,-50,1
-82,-49,1
-82,-48,1
-82,-47,1
-82,-46,1
-82,-45,1
-82,-44,1
-82,-43,1
-82,-42,1
-82,-41,1
-82,-40,1
-82,0,1
-82,48,1
-82,49,2
-82,50,3
-82,51,4
-82,52,5
-82,53,7
-82,54,8
-82,55,10
-82,56,12
-82,57,13
-82,58,13
-82,59,13
-82,60,12
-82,61,11
-82,62,10
-82,63,8
-82,64,7
-82,65,5
-82,66,4
-82,67,3
-82,68,2
-82,69,1
-82,70,1
-82,71,1
-81,-90,2
-81,-88,2
-81,-87,3
-81,-86,4
-81,-85,5
-81,-84,6
-81,-83,7
-81,-82,8
-81,-81,9
-81,-80,9
-81,-79,9
-81,-78,9
-81,-77,8
-81,-76,7
-81,-75,6
-81,-74,5
-81,-73,4
-81,-72,3
-81,-71,2
-81,-70,1
-81,-51,1
-81,-50,1
-81,-49,1
-81,-48,1
-81,-47,1
-81,-46,1
-81,-45,1
-81,-44,1
-81,-43,1
-81,-42,1
-81,-41,1
-81,-40,1
-81,0,1
-81,48,1
-81,49,2
-81,50,2
-81,51,4
-81,52,5
-81,53,6
-81,54,8
-81,55,10
-81,56,11
-81,57,12
-81,58,13
-81,59,13
-81,60,12
-81,61,11
-81,62,9
-81,63,8
-81,64,6
-81,65,5
-81,66,4
-81,67,3
-81,68,2
-81,69,1
-81,70,1
-81,71,1
-80,-90,2
-80,-88,2
-80,-87,3
-80,-86,4
-80,-85,5
-80,-84,6
-80,-83,7
-80,-82,8
-80,-81,9
-80,-80,9
-80,-79,9
-80,-78,8
-80,-77,8
-80,-76,7
-80,-75,6
-80,-74,5
-80,-73,4
-80,-72,3
-80,-71,2
-80,-70,1
-80,-51,1
-80,-50,1
-80,-49,1
-80,-48,1
-80,-47,1
-80,-46,1
-80,-45,1
-80,-44,1
-80,-43,1
-80,-42,1
-80,-41,1
-80,-40,1
-80,0,1
-80,48,1
-80,49,2
-80,50,2
-80,51,3
-80,52,5
-80,53,6
-80,54,8
-80,55,9
-80,56,11
-80,57,12
-80,58,12
-80,59,12
-80,60,12
-80,61,11
-80,62,9
-80,63,8
-80,64,6
-80,65,5
-80,66,4
-80,67,3
-80,68,2
-80,69,1
-80,70,1
-80,71,1
-79,-90,2
-79,-88,2
-79,-87,3
-79,-86,4
-79,-85,5
-79,-84,6
-79,-83,7
-79,-82,8
-79,-81,9
-79,-80,9
-79,-79,9
-79,-78,8
-79,-77,8
-79,-76,7
-79,-75,6
-79,-74,4
-79,-73,3
-79,-72,2
-79,-71,2
-79,-70,1
-79,-51,1
-79,-50,1
-79,-49,1
-79,-48,1
-79,-47,1
-79,-46,1
-79,-45,1
-79,-44,1
-79,-43,1
-79,-42,1
-79,-41,1
-79,-40,1
-79,0,1
-79,48,1
-79,49,1
-79,50,2
-79,51,3
-79,52,4
-79,53,6
-79,54,7
-79,55,9
-79,56,10
-79,57,11
-79,58,12
-79,59,12
-79,60,11
-79,61,10
-79,62,9
-79,63,8
-79,64,6
-79,65,5
-79,66,4
-79,67,3
-79,68,2
-79,69,1
-79,70,1
-79,71,1
-78,-90,2
-78,-88,2
-78,-87,3
-78,-86,4
-78,-85,5
-78,-84,6
-78,-83,7
-78,-82,8
-78,-81,9
-78,-80,9
-78,-79,9
-78,-78,8
-78,-77,7
-78,-76,6
-78,-75,5
-78,-74,4
-78,-73,3
-78,-72,2
-78,-71,2
-78,-70,1
-78,-51,1
-78,-50,1
-78,-49,1
-78,-48,1
-78,-47,1
-78,-46,1
-78,-45,1
-78,-44,1
-78,-43,1
-78,-42,1
-78,-41,1
-78,-40,1
-78,0,1
-78,48,1
-78,49,1
-78,50,2
-78,51,3
-78,52,4
-78,53,5
-78,54,7
-78,55,9
-78,56,10
-78,57,11
-78,58,12
-78,59,12
-78,60,11
-78,61,10
-78,62,9
-78,63,8
-78,64,6
-78,65,5
-78,66,4
-78,67,3
-78,68,2
-78,69,1
-78,70,1
-78,71,1
-77,-90,2
-77,-88,2
-77,-87,3
-77,-86,4
-77,-85,6
-77,-84,7
-77,-83,7
-77,-82,8
-77,-81,9
-77,-80,9
-77,-79,9
-77,-78,8
-77,-77,7
-77,-76,6
-77,-75,5
-77,-74,4
-77,-73,3
-77,-72,2
-77,-71,2
-77,-70,1
-77,-51,1
-77,-50,1
-77,-49,1
-77,-48,1
-77,-47,1
-77,-46,1
-77,-45,1
-77,-44,1
-77,-43,1
-77,-42,1
-77,-41,1
-77,-40,1
-77,0,1
-77,48,1
-77,49,1
-77,50,2
-77,51,3
-77,52,4
-77,53,5
-77,54,7
-77,55,8
-77,56,10
-77,57,11
-77,58,11
-77,59,11
-77,60,11
-77,61,10
-77,62,9
-77,63,8
-77,64,6
-77,65,5
-77,66,4
-77,67,3
-77,68,2
-77,69,1
-77,70,1
-77,71,1
-76,-90,2
-76,-88,3
-76,-87,3
-76,-86,5
-76,-85,6
-76,-84,7
-76,-83,7
-76,-82,8
-76,-81,9
-76,-80,9
-76,-79,9
-76,-78,8
-76,-77,7
-76,-76,6
-76,-75,5
-76,-74,4
-76,-73,3
-76,-72,2
-76,-71,2
-76,-70,1
-76,-50,1
-76,-49,1
-76,-48,1
-76,-47,1
-76,-46,1
-76,-45,1
-76,-44,1
-76,-43,1
-76,-42,1
-76,-41,1
-76,-40,1
-76,0,1
-76,48,1
-76,49,1
-76,50,2
-76,51,3
-76,52,4
-76,53,5
-76,54,6
-76,55,8
-76,56,9
-76,57,10
-76,58,11
-76,59,11
-76,60,11
-76,61,10
-76,62,9
-76,63,7
-76,64,6
-76,65,5
-76,66,4
-76,67,3
-76,68,2
-76,69,1
-76,70,1
-76,71,1
-76,72,1
-75,-90,2
-75,-88,3
-75,-87,3
-75,-86,5
-75,-85,6
-75,-84,7
-75,-83,7
-75,-82,8
-75,-81,9
-75,-80,9
-75,-79,9
-75,-78,8
-75,-77,7
-75,-76,6
-75,-75,5
-75,-74,4
-75,-73,3
-75,-72,2
-75,-71,2
-75,-70,1
-75,-50,1
-75,-49,1
-75,-48,1
-75,-47,1
-75,-46,1
-75,-45,1
-75,-44,1
-75,-43,1
-75,-42,1
-75,-41,1
-75,0,1
-75,48,1
-75,49,1
-75,50,2
-75,51,2
-75,52,3
-75,53,5
-75,54,6
-75,55,7
-75,56,9
-75,57,10
-75,58,11
-75,59,11
-75,60,10
-75,61,10
-75,62,9
-75,63,7
-75,64,6
-75,65,5
-75,66,4
-75,67,3
-75,68,2
-75,69,1
-75,70,1
-75,71,1
-75,72,1
-74,-90,2
-74,-88,3
-74,-87,3
-74,-86,5
-74,-85,6
-74,-84,7
-74,-83,7
-74,-82,8
-74,-81,9
-74,-80,9
-74,-79,9
-74,-78,8
-74,-77,7
-74,-76,6
-74,-75,5
-74,-74,4
-74,-73,3
-74,-72,2
-74,-71,2
-74,-70,1
-74,-50,1
-74,-49,1
-74,-48,1
-74,-47,1
-74,-46,1
-74,-45,1
-74,-44,1
-74,-43,1
-74,-42,1
-74,-41,1
-74,0,1
-74,49,1
-74,50,2
-74,51,2
-74,52,3
-74,53,4
-74,54,6
-74,55,7
-74,56,8
-74,57,10
-74,58,10
-74,59,10
-74,60,10
-74,61,9
-74,62,8
-74,63,7
-74,64,6
-74,65,5
-74,66,4
-74,67,3
-74,68,2
-74,69,2
-74,70,1
-74,71,1
-74,72,1
-73,-90,2
-73,-88,3
-73,-87,3
-73,-86,4
-73,-85,6
-73,-84,7
-73,-83,7
-73,-82,8
-73,-81,9
-73,-80,9
-73,-79,8
-73,-78,8
-73,-77,7
-73,-76,6
-73,-75,5
-73,-74,4
-73,-73,3
-73,-72,2
-73,-71,2
-73,-70,1
-73,-50,1
-73,-49,1
-73,-48,1
-73,-47,1
-73,-46,1
-73,-45,1
-73,-44,1
-73,-43,1
-73,-42,1
-73,-41,1
-73,0,1
-73,49,1
-73,50,1
-73,51,2
-73,52,3
-73,53,4
-73,54,5
-73,55,7
-73,56,8
-73,57,9
-73,58,10
-73,59,10
-73,60,10
-73,61,9
-73,62,8
-73,63,7
-73,64,6
-73,65,5
-73,66,4
-73,67,3
-73,68,2
-73,69,2
-73,70,1
-73,71,1
-73,72,1
-72,-90,2
-72,-88,3
-72,-87,3
-72,-86,4
-72,-85,5
-72,-84,6
-72,-83,7
-72,-82,8
-72,-81,9
-72,-80,9
-72,-79,8
-72,-78,8
-72,-77,7
-72,-76,6
-72,-75,5
-72,-74,4
-72,-73,3
-72,-72,2
-72,-71,1
-72,-70,1
-72,-50,1
-72,-49,1
-72,-48,1
-72,-47,1
-72,-46,1
-72,-45,1
-72,-44,1
-72,-43,1
-72,-42,1
-72,-41,1
-72,0,1
-72,49,1
-72,50,1
-72,51,2
-72,52,3
-72,53,4
-72,54,5
-72,55,6
-72,56,8
-72,57,9
-72,58,10
-72,59,10
-72,60,10
-72,61,9
-72,62,8
-72,63,7
-72,64,6
-72,65,5
-72,66,4
-72,67,3
-72,68,2
-72,69,2
-72,70,1
-72,71,1
-72,72,1
-71,-90,2
-71,-88,3
-71,-87,3
-71,-86,4
-71,-85,5
-71,-84,6
-71,-83,7
-71,-82,8
-71,-81,8
-71,-80,8
-71,-79,8
-71,-78,8
-71,-77,7
-71,-76,6
-71,-75,5
-71,-74,4
-71,-73,3
-71,-72,2
-71,-71,1
-71,-70,1
-71,-50,1
-71,-49,1
-71,-48,1
-71,-47,1
-71,-46,1
-71,-45,1
-71,-44,1
-71,-43,1
-71,-42,1
-71,-41,1
-71,0,1
-71,49,1
-71,50,1
-71,51,2
-71,52,3
-71,53,3
-71,54,5
-71,55,6
-71,56,7
-71,57,8
-71,58,9
-71,59,10
-71,60,9
-71,61,9
-71,62,8
-71,63,7
-71,64,6
-71,65,5
-71,66,4
-71,67,3
-71,68,2
-71,69,2
-71,70,1
-71,71,1
-71,72,1
-71,73,1
-70,-90,2
-70,-88,3
-70,-87,3
-70,-86,4
-70,-85,5
-70,-84,6
-70,-83,7
-70,-82,8
-70,-81,8
-70,-80,8
-70,-79,8
-70,-78,7
-70,-77,7
-70,-76,6
-70,-75,5
-70,-74,4
-70,-73,3
-70,-72,2
-70,-71,1
-70,-70,1
-70,-50,1
-70,-49,1
-70,-48,1
-70,-47,1
-70,-46,1
-70,-45,1
-70,-44,1
-70,-43,1
-70,-42,1
-70,-41,1
-70,0,1
-70,49,1
-70,50,1
-70,51,2
-70,52,2
-70,53,3
-70,54,4
-70,55,6
-70,56,7
-70,57,8
-70,58,9
-70,59,9
-70,60,9
-70,61,9
-70,62,8
-70,63,7
-70,64,6
-70,65,5
-70,66,4
-70,67,3
-70,68,2
-70,69,2
-70,70,1
-70,71,1
-70,72,1
-70,73,1
-69,-90,2
-69,-88,3
-69,-87,3
-69,-86,4
-69,-85,5
-69,-84,6
-69,-83,7
-69,-82,8
-69,-81,8
-69,-80,8
-69,-79,8
-69,-78,7
-69,-77,7
-69,-76,6
-69,-75,5
-69,-74,4
-69,-73,3
-69,-72,2
-69,-71,1
-69,-70,1
-69,-50,1
-69,-49,1
-69,-48,1
-69,-47,1
-69,-46,1
-69,-45,1
-69,-44,1
-69,-43,1
-69,-42,1
-69,-41,1
-69,0,1
-69,50,1
-69,51,1
-69,52,2
-69,53,3
-69,54,4
-69,55,5
-69,56,6
-69,57,8
-69,58,8
-69,59,9
-69,60,9
-69,61,9
-69,62,8
-69,63,7
-69,64,6
-69,65,5
-69,66,4
-69,67,3
-69,68,2
-69,69,2
-69,70,1
-69,71,1
-69,72,1
-69,73,1
-68,-90,2
-68,-88,3
-68,-87,3
-68,-86,4
-68,-85,5
-68,-84,6
-68,-83,7
-68,-82,8
-68,-81,8
-68,-80,8
-68,-79,8
-68,-78,7
-68,-77,6
-68,-76,6
-68,-75,5
-68,-74,4
-68,-73,3
-68,-72,2
-68,-71,1
-68,-70,1
-68,-50,1
-68,-49,1
-68,-48,1
-68,-47,1
-68,-46,1
-68,-45,1
-68,-44,1
-68,-43,1
-68,-42,1
-68,-41,1
-68,0,1
-68,50,1
-68,51,1
-68,52,2
-68,53,3
-68,54,4
-68,55,5
-68,56,6
-68,57,7
-68,58,8
-68,59,9
-68,60,9
-68,61,8
-68,62,8
-68,63,7
-68,64,6
-68,65,5
-68,66,4
-68,67,3
-68,68,3
-68,69,2
-68,70,1
-68,71,1
-68,72,1
-68,73,1
-67,-90,2
-67,-88,3
-67,-87,3
-67,-86,4
-67,-85,5
-67,-84,6
-67,-83,7
-67,-82,8
-67,-81,8
-67,-80,8
-67,-79,8
-67,-78,7
-67,-77,6
-67,-76,6
-67,-75,5
-67,-74,4
-67,-73,3
-67,-72,2
-67,-71,1
-67,-70,1
-67,-50,1
-67,-49,1
-67,-48,1
-67,-47,1
-67,-46,1
-67,-45,1
-67,-44,1
-67,-43,1
-67,-42,1
-67,-41,1
-67,0,1
-67,50,1
-67,51,1
-67,52,2
-67,53,2
-67,54,3
-67,55,4
-67,56,6
-67,57,7
-67,58,8
-67,59,8
-67,60,9
-67,61,8
-67,62,8
-67,63,7
-67,64,6
-67,65,5
-67,66,4
-67,67,3
-67,68,3
-67,69,2
-67,70,2
-67,71,1
-67,72,1
-67,73,1
-67,74,1
-66,-90,2
-66,-88,3
-66,-87,3
-66,-86,4
-66,-85,5
-66,-84,6
-66,-83,7
-66,-82,8
-66,-81,8
-66,-80,8
-66,-79,8
-66,-78,7
-66,-77,6
-66,-76,6
-66,-75,5
-66,-74,4
-66,-73,3
-66,-72,2
-66,-71,1
-66,-70,1
-66,-50,1
-66,-49,1
-66,-48,1
-66,-47,1
-66,-46,1
-66,-45,1
-66,-44,1
-66,-43,1
-66,-42,1
-66,-41,1
-66,0,1
-66,50,1
-66,51,1
-66,52,1
-66,53,2
-66,54,3
-66,55,4
-66,56,5
-66,57,6
-66,58,7
-66,59,8
-66,60,8
-66,61,8
-66,62,8
-66,63,7
-66,64,6
-66,65,5
-66,66,4
-66,67,3
-66,68,3
-66,69,2
-66,70,2
-66,71,1
-66,72,1
-66,73,1
-66,74,1
-65,-90,2
-65,-88,3
-65,-87,3
-65,-86,4
-65,-85,5
-65,-84,6
-65,-83,7
-65,-82,8
-65,-81,8
-65,-80,8
-65,-79,8
-65,-78,7
-65,-77,6
-65,-76,6
-65,-75,5
-65,-74,4
-65,-73,3
-65,-72,2
-65,-71,1
-65,-70,1
-65,-50,1
-65,-49,1
-65,-48,1
-65,-47,1
-65,-46,1
-65,-45,1
-65,-44,1
-65,-43,1
-65,-42,1
-65,-41,1
-65,0,1
-65,51,1
-65,52,1
-65,53,2
-65,54,3
-65,55,4
-65,56,5
-65,57,6
-65,58,7
-65,59,8
-65,60,8
-65,61,8
-65,62,8
-65,63,7
-65,64,6
-65,65,5
-65,66,4
-65,67,3
-65,68,3
-65,69,2
-65,70,2
-65,71,1
-65,72,1
-65,73,1
-65,74,1
-65,75,1
-64,-90,2
-64,-88,3
-64,-87,3
-64,-86,4
-64,-85,5
-64,-84,6
-64,-83,7
-64,-82,8
-64,-81,8
-64,-80,8
-64,-79,8
-64,-78,7
-64,-77,6
-64,-76,6
-64,-75,5
-64,-74,4
-64,-73,3
-64,-72,2
-64,-71,1
-64,-70,1
-64,-50,1
-64,-49,1
-64,-48,1
-64,-47,1
-64,-46,1
-64,-45,1
-64,-44,1
-64,-43,1
-64,-42,1
-64,-41,1
-64,0,1
-64,51,1
-64,52,1
-64,53,2
-64,54,3
-64,55,3
-64,56,5
-64,57,6
-64,58,7
-64,59,7
-64,60,8
-64,61,8
-64,62,7
-64,63,7
-64,64,6
-64,65,5
-64,66,4
-64,67,4
-64,68,3
-64,69,2
-64,70,2
-64,71,1
-64,72,1
-64,73,1
-64,74,1
-64,75,1
-63,-90,2
-63,-88,3
-63,-87,3
-63,-86,4
-63,-85,5
-63,-84,6
-63,-83,7
-63,-82,8
-63,-81,8
-63,-80,8
-63,-79,8
-63,-78,7
-63,-77,6
-63,-76,5
-63,-75,5
-63,-74,4
-63,-73,3
-63,-72,2
-63,-71,1
-63,-70,1
-63,-49,1
-63,-48,1
-63,-47,1
-63,-46,1
-63,-45,1
-63,-44,1
-63,-43,1
-63,-42,1
-63,-41,1
-63,0,1
-63,51,1
-63,52,1
-63,53,2
-63,54,2
-63,55,3
-63,56,4
-63,57,5
-63,58,6
-63,59,7
-63,60,8
-63,61,8
-63,62,7
-63,63,7
-63,64,6
-63,65,5
-63,66,4
-63,67,4
-63,68,3
-63,69,2
-63,70,2
-63,71,1
-63,72,1
-63,73,1
-63,74,1
-63,75,1
-62,-90,2
-62,-88,3
-62,-87,4
-62,-86,5
-62,-85,6
-62,-84,7
-62,-83,7
-62,-82,8
-62,-81,8
-62,-80,8
-62,-79,8
-62,-78,7
-62,-77,6
-62,-76,5
-62,-75,4
-62,-74,4
-62,-73,3
-62,-72,2
-62,-71,1
-62,-70,1
-62,-49,1
-62,-48,1
-62,-47,1
-62,-46,1
-62,-45,1
-62,-44,1
-62,-43,1
-62,-42,1
-62,-41,1
-62,0,1
-62,52,1
-62,53,1
-62,54,2
-62,55,3
-62,56,4
-62,57,5
-62,58,6
-62,59,7
-62,60,7
-62,61,8
-62,62,7
-62,63,7
-62,64,6
-62,65,5
-62,66,4
-62,67,4
-62,68,3
-62,69,2
-62,70,2
-62,71,2
-62,72,1
-62,73,1
-62,74,1
-62,75,1
-62,76,1
-61,-90,2
-61,-88,3
-61,-87,4
-61,-86,5
-61,-85,6
-61,-84,7
-61,-83,7
-61,-82,8
-61,-81,8
-61,-80,8
-61,-79,8
-61,-78,7
-61,-77,6
-61,-76,5
-61,-75,4
-61,-74,4
-61,-73,3
-61,-72,2
-61,-71,1
-61,-70,1
-61,-49,1
-61,-48,1
-61,-47,1
-61,-46,1
-61,-45,1
-61,-44,1
-61,-43,1
-61,-42,1
-61,-41,1
-61,0,1
-61,52,1
-61,53,1
-61,54,2
-61,55,3
-61,56,4
-61,57,5
-61,58,6
-61,59,7
-61,60,7
-61,61,7
-61,62,7
-61,63,7
-61,64,6
-61,65,5
-61,66,5
-61,67,4
-61,68,3
-61,69,3
-61,70,2
-61,71,2
-61,72,1
-61,73,1
-61,74,1
-61,75,1
-61,76,1
-60,-90,2
-60,-88,3
-60,-87,4
-60,-86,5
-60,-85,6
-60,-84,7
-60,-83,7
-60,-82,8
-60,-81,8
-60,-80,8
-60,-79,8
-60,-78,7
-60,-77,6
-60,-76,5
-60,-75,4
-60,-74,4
-60,-73,3
-60,-72,2
-60,-71,1
-60,-70,1
-60,-49,1
-60,-48,1
-60,-47,1
-60,-46,1
-60,-45,1
-60,-44,1
-60,-43,1
-60,-42,1
-60,-41,1
-60,0,1
-60,52,1
-60,53,1
-60,54,2
-60,55,2
-60,56,3
-60,57,4
-60,58,5
-60,59,6
-60,60,7
-60,61,7
-60,62,7
-60,63,7
-60,64,6
-60,65,5
-60,66,5
-60,67,4
-60,68,3
-60,69,3
-60,70,2
-60,71,2
-60,72,1
-60,73,1
-60,74,1
-60,75,1
-60,76,1
-59,-90,2
-59,-88,3
-59,-87,4
-59,-86,5
-59,-85,6
-59,-84,7
-59,-83,7
-59,-82,8
-59,-81,8
-59,-80,8
-59,-79,8
-59,-78,7
-59,-77,6
-59,-76,5
-59,-75,4
-59,-74,4
-59,-73,3
-59,-72,2
-59,-71,1
-59,-70,1
-59,-49,1
-59,-48,1
-59,-47,1
-59,-46,1
-59,-45,1
-59,-44,1
-59,-43,1
-59,-42,1
-59,-41,1
-59,0,1
-59,53,1
-59,54,1
-59,55,2
-59,56,3
-59,57,4
-59,58,5
-59,59,6
-59,60,7
-59,61,7
-59,62,7
-59,63,7
-59,64,6
-59,65,6
-59,66,5
-59,67,4
-59,68,3
-59,69,3
-59,70,2
-59,71,2
-59,72,2
-59,73,1
-59,74,1
-59,75,1
-59,76,1
-59,77,1
-58,-90,2
-58,-88,3
-58,-87,4
-58,-86,5
-58,-85,6
-58,-84,7
-58,-83,7
-58,-82,8
-58,-81,8
-58,-80,8
-58,-79,7
-58,-78,7
-58,-77,6
-58,-76,5
-58,-75,4
-58,-74,3
-58,-73,3
-58,-72,2
-58,-71,1
-58,-70,1
-58,-49,1
-58,-48,1
-58,-47,1
-58,-46,1
-58,-45,1
-58,-44,1
-58,-43,1
-58,-42,1
-58,-41,1
-58,0,1
-58,53,1
-58,54,1
-58,55,2
-58,56,3
-58,57,4
-58,58,5
-58,59,6
-58,60,6
-58,61,7
-58,62,7
-58,63,7
-58,64,6
-58,65,6
-58,66,5
-58,67,4
-58,68,4
-58,69,3
-58,70,2
-58,71,2
-58,72,2
-58,73,1
-58,74,1
-58,75,1
-58,76,1
-58,77,1
-57,-90,2
-57,-88,3
-57,-87,4
-57,-86,5
-57,-85,6
-57,-84,7
-57,-83,7
-57,-82,8
-57,-81,8
-57,-80,8
-57,-79,7
-57,-78,7
-57,-77,6
-57,-76,5
-57,-75,4
-57,-74,3
-57,-73,3
-57,-72,2
-57,-71,1
-57,-70,1
-57,-48,1
-57,-47,1
-57,-46,1
-57,-45,1
-57,-44,1
-57,-43,1
-57,-42,1
-57,-41,1
-57,0,1
-57,53,1
-57,54,1
-57,55,2
-57,56,2
-57,57,3
-57,58,4
-57,59,5
-57,60,6
-57,61,7
-57,62,7
-57,63,7
-57,64,6
-57,65,6
-57,66,5
-57,67,4
-57,68,4
-57,69,3
-57,70,3
-57,71,2
-57,72,2
-57,73,2
-57,74,1
-57,75,1
-57,76,1
-57,77,1
-56,-90,2
-56,-88,3
-56,-87,4
-56,-86,5
-56,-85,6
-56,-84,6
-56,-83,7
-56,-82,8
-56,-81,8
-56,-80,8
-56,-79,7
-56,-78,7
-56,-77,6
-56,-76,5
-56,-75,4
-56,-74,3
-56,-73,3
-56,-72,2
-56,-71,1
-56,-70,1
-56,-48,1
-56,-47,1
-56,-46,1
-56,-45,1
-56,-44,1
-56,-43,1
-56,-42,1
-56,-41,1
-56,0,1
-56,54,1
-56,55,1
-56,56,2
-56,57,3
-56,58,4
-56,59,5
-56,60,6
-56,61,6
-56,62,7
-56,63,7
-56,64,6
-56,65,6
-56,66,5
-56,67,4
-56,68,4
-56,69,3
-56,70,3
-56,71,2
-56,72,2
-56,73,2
-56,74,1
-56,75,1
-56,76,1
-56,77,1
-56,78,1
-55,-90,2
-55,-88,3
-55,-87,4
-55,-86,5
-55,-85,5
-55,-84,6
-55,-83,7
-55,-82,8
-55,-81,8
-55,-80,8
-55,-79,7
-55,-78,7
-55,-77,6
-55,-76,5
-55,-75,4
-55,-74,3
-55,-73,3
-55,-72,2
-55,-71,1
-55,-70,1
-55,-48,1
-55,-47,1
-55,-46,1
-55,-45,1
-55,-44,1
-55,-43,1
-55,-42,1
-55,-41,1
-55,0,1
-55,54,1
-55,55,1
-55,56,2
-55,57,3
-55,58,4
-55,59,5
-55,60,6
-55,61,6
-55,62,7
-55,63,7
-55,64,6
-55,65,6
-55,66,5
-55,67,5
-55,68,4
-55,69,3
-55,70,3
-55,71,2
-55,72,2
-55,73,2
-55,74,1
-55,75,1
-55,76,1
-55,77,1
-55,78,1
-54,-90,2
-54,-88,3
-54,-87,4
-54,-86,5
-54,-85,5
-54,-84,6
-54,-83,7
-54,-82,7
-54,-81,8
-54,-80,8
-54,-79,7
-54,-78,7
-54,-77,6
-54,-76,5
-54,-75,4
-54,-74,3
-54,-73,3
-54,-72,2
-54,-71,1
-54,-70,1
-54,-47,1
-54,-46,1
-54,-45,1
-54,-44,1
-54,-43,1
-54,-42,1
-54,-41,1
-54,0,1
-54,54,1
-54,55,1
-54,56,2
-54,57,3
-54,58,4
-54,59,4
-54,60,5
-54,61,6
-54,62,6
-54,63,7
-54,64,6
-54,65,6
-54,66,5
-54,67,5
-54,68,4
-54,69,4
-54,70,3
-54,71,3
-54,72,2
-54,73,2
-54,74,2
-54,75,1
-54,76,1
-54,77,1
-54,78,1
-53,-90,2
-53,-88,3
-53,-87,4
-53,-86,4
-53,-85,5
-53,-84,6
-53,-83,7
-53,-82,7
-53,-81,8
-53,-80,8
-53,-79,7
-53,-78,7
-53,-77,6
-53,-76,5
-53,-75,4
-53,-74,3
-53,-73,3
-53,-72,2
-53,-71,1
-53,-70,1
-53,-47,1
-53,-46,1
-53,-45,1
-53,-44,1
-53,-43,1
-53,-42,1
-53,-41,1
-53,0,1
-53,54,1
-53,55,1
-53,56,2
-53,57,2
-53,58,3
-53,59,4
-53,60,5
-53,61,6
-53,62,6
-53,63,6
-53,64,6
-53,65,6
-53,66,5
-53,67,5
-53,68,4
-53,69,4
-53,70,3
-53,71,3
-53,72,2
-53,73,2
-53,74,2
-53,75,1
-53,76,1
-53,77,1
-53,78,1
-52,-90,2
-52,-88,3
-52,-87,4
-52,-86,4
-52,-85,5
-52,-84,6
-52,-83,7
-52,-82,7
-52,-81,8
-52,-80,8
-52,-79,7
-52,-78,7
-52,-77,6
-52,-76,5
-52,-75,4
-52,-74,3
-52,-73,3
-52,-72,2
-52,-71,1
-52,-70,1
-52,-47,1
-52,-46,1
-52,-45,1
-52,-44,1
-52,-43,1
-52,-42,1
-52,-41,1
-52,0,1
-52,55,1
-52,56,1
-52,57,2
-52,58,3
-52,59,4
-52,60,5
-52,61,6
-52,62,6
-52,63,6
-52,64,6
-52,65,6
-52,66,6
-52,67,5
-52,68,4
-52,69,4
-52,70,3
-52,71,3
-52,72,3
-52,73,2
-52,74,2
-52,75,2
-52,76,1
-52,77,1
-52,78,1
-52,79,1
-51,-90,2
-51,-88,3
-51,-87,4
-51,-86,4
-51,-85,5
-51,-84,6
-51,-83,7
-51,-82,7
-51,-81,8
-51,-80,8
-51,-79,7
-51,-78,7
-51,-77,6
-51,-76,5
-51,-75,4
-51,-74,3
-51,-73,2
-51,-72,2
-51,-71,1
-51,-70,1
-51,-46,1
-51,-45,1
-51,-44,1
-51,-43,1
-51,-42,1
-51,-41,1
-51,0,1
-51,55,1
-51,56,1
-51,57,2
-51,58,3
-51,59,4
-51,60,5
-51,61,5
-51,62,6
-51,63,6
-51,64,6
-51,65,6
-51,66,6
-51,67,5
-51,68,5
-51,69,4
-51,70,4
-51,71,3
-51,72,3
-51,73,2
-51,74,2
-51,75,2
-51,76,1
-51,77,1
-51,78,1
-51,79,1
-50,-90,2
-50,-88,3
-50,-87,4
-50,-86,5
-50,-85,5
-50,-84,6
-50,-83,7
-50,-82,7
-50,-81,8
-50,-80,8
-50,-79,7
-50,-78,7
-50,-77,6
-50,-76,5
-50,-75,4
-50,-74,3
-50,-73,2
-50,-72,2
-50,-71,1
-50,-70,1
-50,-46,1
-50,-45,1
-50,-44,1
-50,-43,1
-50,-42,1
-50,-41,1
-50,-40,1
-50,0,1
-50,55,1
-50,56,1
-50,57,2
-50,58,2
-50,59,3
-50,60,4
-50,61,5
-50,62,6
-50,63,6
-50,64,6
-50,65,6
-50,66,6
-50,67,5
-50,68,5
-50,69,4
-50,70,4
-50,71,3
-50,72,3
-50,73,2
-50,74,2
-50,75,2
-50,76,1
-50,77,1
-50,78,1
-50,79,1
-49,-90,2
-49,-88,3
-49,-87,4
-49,-86,5
-49,-85,5
-49,-84,6
-49,-83,7
-49,-82,7
-49,-81,8
-49,-80,8
-49,-79,7
-49,-78,7
-49,-77,6
-49,-76,5
-49,-75,4
-49,-74,3
-49,-73,2
-49,-72,2
-49,-71,1
-49,-70,1
-49,-46,1
-49,-45,1
-49,-44,1
-49,-43,1
-49,-42,1
-49,-41,1
-49,-40,1
-49,0,1
-49,55,1
-49,56,1
-49,57,2
-49,58,2
-49,59,3
-49,60,4
-49,61,5
-49,62,6
-49,63,6
-49,64,6
-49,65,6
-49,66,6
-49,67,5
-49,68,5
-49,69,4
-49,70,4
-49,71,4
-49,72,3
-49,73,3
-49,74,2
-49,75,2
-49,76,2
-49,77,1
-49,78,1
-49,79,1
-48,-90,2
-48,-88,3
-48,-87,4
-48,-86,5
-48,-85,5
-48,-84,6
-48,-83,7
-48,-82,7
-48,-81,8
-48,-80,8
-48,-79,7
-48,-78,7
-48,-77,6
-48,-76,5
-48,-75,4
-48,-74,3
-48,-73,2
-48,-72,2
-48,-71,1
-48,-70,1
-48,-46,1
-48,-45,1
-48,-44,1
-48,-43,1
-48,-42,1
-48,-41,1
-48,-40,1
-48,0,1
-48,56,1
-48,57,1
-48,58,2
-48,59,3
-48,60,4
-48,61,5
-48,62,5
-48,63,6
-48,64,6
-48,65,6
-48,66,6
-48,67,6
-48,68,5
-48,69,5
-48,70,4
-48,71,4
-48,72,3
-48,73,3
-48,74,2
-48,75,2
-48,76,2
-48,77,1
-48,78,1
-48,79,1
-48,80,1
-47,-90,2
-47,-88,3
-47,-87,4
-47,-86,5
-47,-85,6
-47,-84,6
-47,-83,7
-47,-82,7
-47,-81,8
-47,-80,8
-47,-79,7
-47,-78,6
-47,-77,6
-47,-76,5
-47,-75,4
-47,-74,3
-47,-73,2
-47,-72,2
-47,-71,1
-47,-70,1
-47,-46,1
-47,-45,1
-47,-44,1
-47,-43,1
-47,-42,1
-47,-41,1
-47,-40,1
-47,0,1
-47,56,1
-47,57,1
-47,58,2
-47,59,3
-47,60,3
-47,61,4
-47,62,5
-47,63,6
-47,64,6
-47,65,6
-47,66,6
-47,67,6
-47,68,5
-47,69,5
-47,70,4
-47,71,4
-47,72,3
-47,73,3
-47,74,3
-47,75,2
-47,76,2
-47,77,1
-47,78,1
-47,79,1
-47,80,1
-46,-90,2
-46,-88,3
-46,-87,4
-46,-86,5
-46,-85,6
-46,-84,6
-46,-83,7
-46,-82,7
-46,-81,8
-46,-80,8
-46,-79,7
-46,-78,6
-46,-77,6
-46,-76,5
-46,-75,4
-46,-74,3
-46,-73,2
-46,-72,2
-46,-71,1
-46,-70,1
-46,-46,1
-46,-45,1
-46,-44,1
-46,-43,1
-46,-42,1
-46,-41,1
-46,-40,1
-46,0,1
-46,56,1
-46,57,1
-46,58,2
-46,59,2
-46,60,3
-46,61,4
-46,62,5
-46,63,6
-46,64,6
-46,65,6
-46,66,6
-46,67,6
-46,68,5
-46,69,5
-46,70,5
-46,71,4
-46,72,4
-46,73,3
-46,74,3
-46,75,2
-46,76,2
-46,77,1
-46,78,1
-46,79,1
-46,80,1
-45,-90,2
-45,-88,3
-45,-87,4
-45,-86,5
-45,-85,6
-45,-84,6
-45,-83,7
-45,-82,7
-45,-81,8
-45,-80,7
-45,-79,7
-45,-78,6
-45,-77,6
-45,-76,5
-45,-75,4
-45,-74,3
-45,-73,2
-45,-72,2
-45,-71,1
-45,-70,1
-45,-45,1
-45,-44,1
-45,-43,1
-45,-42,1
-45,-41,1
-45,-40,1
-45,0,1
-45,56,1
-45,57,1
-45,58,1
-45,59,2
-45,60,3
-45,61,4
-45,62,5
-45,63,5
-45,64,6
-45,65,6
-45,66,6
-45,67,6
-45,68,6
-45,69,5
-45,70,5
-45,71,4
-45,72,4
-45,73,3
-45,74,3
-45,75,2
-45,76,2
-45,77,2
-45,78,1
-45,79,1
-45,80,1
-44,-90,2
-44,-88,3
-44,-87,4
-44,-86,5
-44,-85,6
-44,-84,6
-44,-83,7
-44,-82,7
-44,-81,8
-44,-80,7
-44,-79,7
-44,-78,6
-44,-77,6
-44,-76,5
-44,-75,4
-44,-74,3
-44,-73,2
-44,-72,2
-44,-71,1
-44,-70,1
-44,-45,1
-44,-44,1
-44,-43,1
-44,-42,1
-44,-41,1
-44,-40,1
-44,0,1
-44,57,1
-44,58,1
-44,59,2
-44,60,3
-44,61,4
-44,62,4
-44,63,5
-44,64,6
-44,65,6
-44,66,6
-44,67,6
-44,68,6
-44,69,5
-44,70,5
-44,71,5
-44,72,4
-44,73,4
-44,74,3
-44,75,3
-44,76,2
-44,77,2
-44,78,1
-44,79,1
-44,80,1
-43,-90,2
-43,-88,3
-43,-87,4
-43,-86,5
-43,-85,5
-43,-84,6
-43,-83,7
-43,-82,7
-43,-81,7
-43,-80,7
-43,-79,7
-43,-78,6
-43,-77,6
-43,-76,5
-43,-75,4
-43,-74,3
-43,-73,2
-43,-72,2
-43,-71,1
-43,-70,1
-43,-45,1
-43,-44,1
-43,-43,1
-43,-42,1
-43,-41,1
-43,-40,1
-43,0,1
-43,57,1
-43,58,1
-43,59,2
-43,60,3
-43,61,3
-43,62,4
-43,63,5
-43,64,6
-43,65,6
-43,66,6
-43,67,6
-43,68,6
-43,69,6
-43,70,5
-43,71,5
-43,72,4
-43,73,4
-43,74,3
-43,75,3
-43,76,2
-43,77,2
-43,78,1
-43,79,1
-43,80,1
-43,81,1
-42,-90,2
-42,-88,3
-42,-87,4
-42,-86,5
-42,-85,5
-42,-84,6
-42,-83,7
-42,-82,7
-42,-81,7
-42,-80,7
-42,-79,7
-42,-78,6
-42,-77,5
-42,-76,5
-42,-75,4
-42,-74,3
-42,-73,2
-42,-72,2
-42,-71,1
-42,-70,1
-42,-45,1
-42,-44,1
-42,-43,1
-42,-42,1
-42,-41,1
-42,-40,1
-42,0,1
-42,57,1
-42,58,1
-42,59,2
-42,60,2
-42,61,3
-42,62,4
-42,63,5
-42,64,5
-42,65,6
-42,66,6
-42,67,6
-42,68,6
-42,69,6
-42,70,5
-42,71,5
-42,72,5
-42,73,4
-42,74,3
-42,75,3
-42,76,2
-42,77,2
-42,78,1
-42,79,1
-42,80,1
-42,81,1
-41,-90,2
-41,-88,3
-41,-87,4
-41,-86,5
-41,-85,5
-41,-84,6
-41,-83,7
-41,-82,7
-41,-81,7
-41,-80,7
-41,-79,7
-41,-78,6
-41,-77,5
-41,-76,5
-41,-75,4
-41,-74,3
-41,-73,2
-41,-72,2
-41,-71,1
-41,-70,1
-41,-45,1
-41,-44,1
-41,-43,1
-41,-42,1
-41,-41,1
-41,-40,1
-41,0,1
-41,57,1
-41,58,1
-41,59,1
-41,60,2
-41,61,3
-41,62,4
-41,63,5
-41,64,5
-41,65,6
-41,66,6
-41,67,6
-41,68,6
-41,69,6
-41,70,6
-41,71,5
-41,72,5
-41,73,4
-41,74,4
-41,75,3
-41,76,3
-41,77,2
-41,78,2
-41,79,1
-41,80,1
-41,81,1
-40,-90,2
-40,-88,3
-40,-87,4
-40,-86,4
-40,-85,5
-40,-84,6
-40,-83,6
-40,-82,7
-40,-81,7
-40,-80,7
-40,-79,7
-40,-78,6
-40,-77,5
-40,-76,5
-40,-75,4
-40,-74,3
-40,-73,2
-40,-72,2
-40,-71,1
-40,-70,1
-40,-45,1
-40,-44,1
-40,-43,1
-40,-42,1
-40,-41,1
-40,-40,1
-40,0,1
-40,58,1
-40,59,1
-40,60,2
-40,61,3
-40,62,4
-40,63,4
-40,64,5
-40,65,6
-40,66,6
-40,67,6
-40,68,6
-40,69,6
-40,70,6
-40,71,5
-40,72,5
-40,73,4
-40,74,4
-40,75,3
-40,76,3
-40,77,2
-40,78,2
-40,79,1
-40,80,1
-40,81,1
-39,-90,2
-39,-88,3
-39,-87,4
-39,-86,4
-39,-85,5
-39,-84,6
-39,-83,6
-39,-82,7
-39,-81,7
-39,-80,7
-39,-79,7
-39,-78,6
-39,-77,5
-39,-76,5
-39,-75,4
-39,-74,3
-39,-73,2
-39,-72,2
-39,-71,1
-39,-70,1
-39,-45,1
-39,-44,1
-39,-43,1
-39,-42,1
-39,-41,1
-39,-40,1
-39,0,1
-39,58,1
-39,59,1
-39,60,2
-39,61,2
-39,62,3
-39,63,4
-39,64,5
-39,65,6
-39,66,6
-39,67,6
-39,68,6
-39,69,6
-39,70,6
-39,71,6
-39,72,5
-39,73,5
-39,74,4
-39,75,4
-39,76,3
-39,77,2
-39,78,2
-39,79,1
-39,80,1
-39,81,1
-38,-90,2
-38,-88,3
-38,-87,4
-38,-86,4
-38,-85,5
-38,-84,6
-38,-83,6
-38,-82,7
-38,-81,7
-38,-80,7
-38,-79,7
-38,-78,6
-38,-77,5
-38,-76,5
-38,-75,4
-38,-74,3
-38,-73,2
-38,-72,2
-38,-71,1
-38,-70,1
-38,-45,1
-38,-44,1
-38,-43,1
-38,-42,1
-38,-41,1
-38,-40,1
-38,0,1
-38,58,1
-38,59,1
-38,60,2
-38,61,2
-38,62,3
-38,63,4
-38,64,5
-38,65,5
-38,66,6
-38,67,6
-38,68,6
-38,69,6
-38,70,6
-38,71,6
-38,72,5
-38,73,5
-38,74,4
-38,75,4
-38,76,3
-38,77,2
-38,78,2
-38,79,1
-38,80,1
-38,81,1
-37,-90,2
-37,-88,3
-37,-87,4
-37,-86,4
-37,-85,5
-37,-84,6
-37,-83,6
-37,-82,7
-37,-81,7
-37,-80,7
-37,-79,7
-37,-78,6
-37,-77,5
-37,-76,5
-37,-75,4
-37,-74,3
-37,-73,2
-37,-72,2
-37,-71,1
-37,-70,1
-37,-44,1
-37,-43,1
-37,-42,1
-37,-41,1
-37,-40,1
-37,0,1
-37,58,1
-37,59,1
-37,60,1
-37,61,2
-37,62,3
-37,63,4
-37,64,4
-37,65,5
-37,66,6
-37,67,6
-37,68,6
-37,69,6
-37,70,6
-37,71,6
-37,72,6
-37,73,5
-37,74,5
-37,75,4
-37,76,3
-37,77,3
-37,78,2
-37,79,1
-37,80,1
-37,81,1
-36,-90,2
-36,-88,3
-36,-87,3
-36,-86,4
-36,-85,5
-36,-84,6
-36,-83,6
-36,-82,7
-36,-81,7
-36,-80,7
-36,-79,7
-36,-78,6
-36,-77,5
-36,-76,5
-36,-75,4
-36,-74,3
-36,-73,2
-36,-72,2
-36,-71,1
-36,-70,1
-36,-44,1
-36,-43,1
-36,-42,1
-36,-41,1
-36,-40,1
-36,0,1
-36,59,1
-36,60,1
-36,61,2
-36,62,3
-36,63,3
-36,64,4
-36,65,5
-36,66,6
-36,67,6
-36,68,6
-36,69,7
-36,70,6
-36,71,6
-36,72,6
-36,73,5
-36,74,5
-36,75,4
-36,76,3
-36,77,3
-36,78,2
-36,79,1
-36,80,1
-36,81,1
-35,-90,2
-35,-88,3
-35,-87,3
-35,-86,4
-35,-85,5
-35,-84,6
-35,-83,6
-35,-82,7
-35,-81,7
-35,-80,7
-35,-79,7
-35,-78,6
-35,-77,5
-35,-76,5
-35,-75,4
-35,-74,3
-35,-73,2
-35,-72,2
-35,-71,1
-35,-70,1
-35,-44,1
-35,-43,1
-35,-42,1
-35,-41,1
-35,-40,1
-35,0,1
-35,59,1
-35,60,1
-35,61,2
-35,62,2
-35,63,3
-35,64,4
-35,65,5
-35,66,6
-35,67,6
-35,68,6
-35,69,7
-35,70,7
-35,71,6
-35,72,6
-35,73,6
-35,74,5
-35,75,4
-35,76,4
-35,77,3
-35,78,2
-35,79,2
-35,80,1
-35,81,1
-35,82,1
-34,-90,2
-34,-88,3
-34,-87,3
-34,-86,4
-34,-85,5
-34,-84,6
-34,-83,6
-34,-82,7
-34,-81,7
-34,-80,7
-34,-79,7
-34,-78,6
-34,-77,5
-34,-76,5
-34,-75,4
-34,-74,3
-34,-73,2
-34,-72,2
-34,-71,1
-34,-70,1
-34,-44,1
-34,-43,1
-34,-42,1
-34,-41,1
-34,-40,1
-34,0,1
-34,59,1
-34,60,1
-34,61,2
-34,62,2
-34,63,3
-34,64,4
-34,65,5
-34,66,5
-34,67,6
-34,68,6
-34,69,7
-34,70,7
-34,71,7
-34,72,6
-34,73,6
-34,74,5
-34,75,5
-34,76,4
-34,77,3
-34,78,2
-34,79,2
-34,80,1
-34,81,1
-34,82,1
-33,-90,2
-33,-88,3
-33,-87,3
-33,-86,4
-33,-85,5
-33,-84,6
-33,-83,6
-33,-82,7
-33,-81,7
-33,-80,7
-33,-79,7
-33,-78,6
-33,-77,5
-33,-76,5
-33,-75,4
-33,-74,3
-33,-73,2
-33,-72,2
-33,-71,1
-33,-70,1
-33,-44,1
-33,-43,1
-33,-42,1
-33,-41,1
-33,-40,1
-33,0,1
-33,59,1
-33,60,1
-33,61,1
-33,62,2
-33,63,3
-33,64,4
-33,65,5
-33,66,5
-33,67,6
-33,68,6
-33,69,7
-33,70,7
-33,71,7
-33,72,7
-33,73,6
-33,74,5
-33,75,5
-33,76,4
-33,77,3
-33,78,2
-33,79,2
-33,80,1
-33,81,1
-33,82,1
-32,-90,2
-32,-88,3
-32,-87,3
-32,-86,4
-32,-85,5
-32,-84,6
-32,-83,6
-32,-82,7
-32,-81,7
-32,-80,7
-32,-79,7
-32,-78,6
-32,-77,5
-32,-76,5
-32,-75,4
-32,-74,3
-32,-73,2
-32,-72,2
-32,-71,1
-32,-70,1
-32,-44,1
-32,-43,1
-32,-42,1
-32,-41,1
-32,-40,1
-32,0,1
-32,60,1
-32,61,1
-32,62,2
-32,63,3
-32,64,3
-32,65,4
-32,66,5
-32,67,6
-32,68,6
-32,69,7
-32,70,7
-32,71,7
-32,72,7
-32,73,6
-32,74,6
-32,75,5
-32,76,4
-32,77,3
-32,78,3
-32,79,2
-32,80,1
-32,81,1
-32,82,1
-31,-90,2
-31,-88,3
-31,-87,3
-31,-86,4
-31,-85,5
-31,-84,6
-31,-83,6
-31,-82,7
-31,-81,7
-31,-80,7
-31,-79,7
-31,-78,6
-31,-77,5
-31,-76,5
-31,-75,4
-31,-74,3
-31,-73,2
-31,-72,2
-31,-71,1
-31,-70,1
-31,-44,1
-31,-43,1
-31,-42,1
-31,-41,1
-31,-40,1
-31,0,1
-31,60,1
-31,61,1
-31,62,2
-31,63,2
-31,64,3
-31,65,4
-31,66,5
-31,67,6
-31,68,6
-31,69,7
-31,70,7
-31,71,7
-31,72,7
-31,73,7
-31,74,6
-31,75,5
-31,76,4
-31,77,3
-31,78,3
-31,79,2
-31,80,1
-31,81,1
-31,82,1
-30,-90,2
-30,-88,3
-30,-87,3
-30,-86,4
-30,-85,5
-30,-84,6
-30,-83,6
-30,-82,7
-30,-81,7
-30,-80,7
-30,-79,7
-30,-78,6
-30,-77,5
-30,-76,5
-30,-75,4
-30,-74,3
-30,-73,2
-30,-72,2
-30,-71,1
-30,-70,1
-30,-44,1
-30,-43,1
-30,-42,1
-30,-41,1
-30,-40,1
-30,0,1
-30,60,1
-30,61,1
-30,62,2
-30,63,2
-30,64,3
-30,65,4
-30,66,5
-30,67,6
-30,68,6
-30,69,7
-30,70,7
-30,71,7
-30,72,7
-30,73,7
-30,74,6
-30,75,5
-30,76,5
-30,77,4
-30,78,3
-30,79,2
-30,80,1
-30,81,1
-30,82,1
-29,-90,2
-29,-88,3
-29,-87,3
-29,-86,4
-29,-85,5
-29,-84,6
-29,-83,6
-29,-82,7
-29,-81,7
-29,-80,7
-29,-79,7
-29,-78,6
-29,-77,5
-29,-76,5
-29,-75,4
-29,-74,3
-29,-73,2
-29,-72,2
-29,-71,1
-29,-70,1
-29,-44,1
-29,-43,1
-29,-42,1
-29,-41,1
-29,-40,1
-29,0,1
-29,60,1
-29,61,1
-29,62,1
-29,63,2
-29,64,3
-29,65,4
-29,66,5
-29,67,5
-29,68,6
-29,69,7
-29,70,7
-29,71,7
-29,72,7
-29,73,7
-29,74,6
-29,75,6
-29,76,5
-29,77,4
-29,78,3
-29,79,2
-29,80,1
-29,81,1
-29,82,1
-28,-90,2
-28,-88,3
-28,-87,3
-28,-86,4
-28,-85,5
-28,-84,5
-28,-83,6
-28,-82,6
-28,-81,7
-28,-80,7
-28,-79,7
-28,-78,6
-28,-77,5
-28,-76,5
-28,-75,4
-28,-74,3
-28,-73,2
-28,-72,2
-28,-71,1
-28,-70,1
-28,-44,1
-28,-43,1
-28,-42,1
-28,-41,1
-28,-40,1
-28,0,1
-28,61,1
-28,62,1
-28,63,2
-28,64,3
-28,65,4
-28,66,4
-28,67,5
-28,68,6
-28,69,7
-28,70,7
-28,71,7
-28,72,7
-28,73,7
-28,74,7
-28,75,6
-28,76,5
-28,77,4
-28,78,3
-28,79,2
-28,80,2
-28,81,1
-28,82,1
-27,-90,2
-27,-88,3
-27,-87,3
-27,-86,4
-27,-85,5
-27,-84,5
-27,-83,6
-27,-82,6
-27,-81,7
-27,-80,7
-27,-79,7
-27,-78,6
-27,-77,5
-27,-76,5
-27,-75,4
-27,-74,3
-27,-73,2
-27,-72,2
-27,-71,1
-27,-70,1
-27,-44,1
-27,-43,1
-27,-42,1
-27,-41,1
-27,-40,1
-27,0,1
-27,61,1
-27,62,1
-27,63,2
-27,64,2
-27,65,3
-27,66,4
-27,67,5
-27,68,6
-27,69,7
-27,70,7
-27,71,7
-27,72,8
-27,73,7
-27,74,7
-27,75,6
-27,76,5
-27,77,4
-27,78,3
-27,79,2
-27,80,2
-27,81,1
-27,82,1
-26,-90,2
-26,-88,3
-26,-87,3
-26,-86,4
-26,-85,5
-26,-84,5
-26,-83,6
-26,-82,6
-26,-81,7
-26,-80,7
-26,-79,7
-26,-78,6
-26,-77,5
-26,-76,5
-26,-75,4
-26,-74,3
-26,-73,2
-26,-72,2
-26,-71,1
-26,-70,1
-26,-44,1
-26,-43,1
-26,-42,1
-26,-41,1
-26,-40,1
-26,0,1
-26,61,1
-26,62,1
-26,63,2
-26,64,2
-26,65,3
-26,66,4
-26,67,5
-26,68,6
-26,69,7
-26,70,7
-26,71,8
-26,72,8
-26,73,7
-26,74,7
-26,75,6
-26,76,5
-26,77,4
-26,78,3
-26,79,2
-26,80,2
-26,81,1
-26,82,1
-25,-90,2
-25,-88,3
-25,-87,3
-25,-86,4
-25,-85,5
-25,-84,5
-25,-83,6
-25,-82,6
-25,-81,7
-25,-80,7
-25,-79,7
-25,-78,6
-25,-77,5
-25,-76,5
-25,-75,4
-25,-74,3
-25,-73,2
-25,-72,2
-25,-71,1
-25,-70,1
-25,-44,1
-25,-43,1
-25,-42,1
-25,-41,1
-25,-40,1
-25,0,1
-25,61,1
-25,62,1
-25,63,1
-25,64,2
-25,65,3
-25,66,4
-25,67,5
-25,68,6
-25,69,7
-25,70,7
-25,71,8
-25,72,8
-25,73,8
-25,74,7
-25,75,6
-25,76,6
-25,77,5
-25,78,3
-25,79,3
-25,80,2
-25,81,1
-25,82,1
-24,-90,2
-24,-88,2
-24,-87,3
-24,-86,4
-24,-85,5
-24,-84,5
-24,-83,6
-24,-82,6
-24,-81,7
-24,-80,7
-24,-79,7
-24,-78,6
-24,-77,5
-24,-76,5
-24,-75,4
-24,-74,3
-24,-73,2
-24,-72,2
-24,-71,1
-24,-70,1
-24,-44,1
-24,-43,1
-24,-42,1
-24,-41,1
-24,-40,1
-24,0,1
-24,61,1
-24,62,1
-24,63,1
-24,64,2
-24,65,3
-24,66,4
-24,67,5
-24,68,6
-24,69,6
-24,70,7
-24,71,8
-24,72,8
-24,73,8
-24,74,7
-24,75,7
-24,76,6
-24,77,5
-24,78,4
-24,79,3
-24,80,2
-24,81,1
-24,82,1
-24,83,1
-23,-90,2
-23,-88,2
-23,-87,3
-23,-86,4
-23,-85,5
-23,-84,5
-23,-83,6
-23,-82,6
-23,-81,7
-23,-80,7
-23,-79,7
-23,-78,6
-23,-77,5
-23,-76,5
-23,-75,4
-23,-74,3
-23,-73,2
-23,-72,2
-23,-71,1
-23,-70,1
-23,-43,1
-23,-42,1
-23,-41,1
-23,-40,1
-23,0,1
-23,62,1
-23,63,1
-23,64,2
-23,65,3
-23,66,3
-23,67,4
-23,68,5
-23,69,6
-23,70,7
-23,71,8
-23,72,8
-23,73,8
-23,74,8
-23,75,7
-23,76,6
-23,77,5
-23,78,4
-23,79,3
-23,80,2
-23,81,1
-23,82,1
-23,83,1
-22,-90,2
-22,-88,2
-22,-87,3
-22,-86,4
-22,-85,5
-22,-84,5
-22,-83,6
-22,-82,6
-22,-81,7
-22,-80,7
-22,-79,7
-22,-78,6
-22,-77,5
-22,-76,5
-22,-75,4
-22,-74,3
-22,-73,2
-22,-72,2
-22,-71,1
-22,-70,1
-22,-43,1
-22,-42,1
-22,-41,1
-22,-40,1
-22,0,1
-22,62,1
-22,63,1
-22,64,2
-22,65,2
-22,66,3
-22,67,4
-22,68,5
-22,69,6
-22,70,7
-22,71,8
-22,72,8
-22,73,8
-22,74,8
-22,75,7
-22,76,6
-22,77,5
-22,78,4
-22,79,3
-22,80,2
-22,81,1
-22,82,1
-22,83,1
-21,-90,2
-21,-88,2
-21,-87,3
-21,-86,4
-21,-85,5
-21,-84,5
-21,-83,6
-21,-82,6
-21,-81,7
-21,-80,7
-21,-79,6
-21,-78,6
-21,-77,5
-21,-76,5
-21,-75,4
-21,-74,3
-21,-73,2
-21,-72,2
-21,-71,1
-21,-70,1
-21,-43,1
-21,-42,1
-21,-41,1
-21,-40,1
-21,0,1
-21,62,1
-21,63,1
-21,64,2
-21,65,2
-21,66,3
-21,67,4
-21,68,5
-21,69,6
-21,70,7
-21,71,8
-21,72,8
-21,73,8
-21,74,8
-21,75,7
-21,76,6
-21,77,5
-21,78,4
-21,79,3
-21,80,2
-21,81,1
-21,82,1
-21,83,1
-20,-90,2
-20,-88,2
-20,-87,3
-20,-86,4
-20,-85,5
-20,-84,5
-20,-83,6
-20,-82,6
-20,-81,7
-20,-80,7
-20,-79,6
-20,-78,6
-20,-77,5
-20,-76,5
-20,-75,4
-20,-74,3
-20,-73,2
-20,-72,2
-20,-71,1
-20,-70,1
-20,-43,1
-20,-42,1
-20,-41,1
-20,-40,1
-20,0,1
-20,62,1
-20,63,1
-20,64,1
-20,65,2
-20,66,3
-20,67,4
-20,68,5
-20,69,6
-20,70,7
-20,71,8
-20,72,8
-20,73,8
-20,74,8
-20,75,7
-20,76,7
-20,77,5
-20,78,4
-20,79,3
-20,80,2
-20,81,1
-20,82,1
-20,83,1
-19,-90,2
-19,-88,2
-19,-87,3
-19,-86,4
-19,-85,5
-19,-84,5
-19,-83,6
-19,-82,6
-19,-81,6
-19,-80,7
-19,-79,6
-19,-78,6
-19,-77,6
-19,-76,5
-19,-75,4
-19,-74,3
-19,-73,2
-19,-72,2
-19,-71,1
-19,-70,1
-19,-43,1
-19,-42,1
-19,-41,1
-19,-40,1
-19,0,1
-19,63,1
-19,64,1
-19,65,2
-19,66,3
-19,67,4
-19,68,5
-19,69,6
-19,70,7
-19,71,8
-19,72,8
-19,73,8
-19,74,8
-19,75,8
-19,76,7
-19,77,6
-19,78,4
-19,79,3
-19,80,2
-19,81,1
-19,82,1
-19,83,1
-18,-90,2
-18,-88,2
-18,-87,3
-18,-86,4
-18,-85,5
-18,-84,5
-18,-83,6
-18,-82,6
-18,-81,6
-18,-80,7
-18,-79,6
-18,-78,6
-18,-77,6
-18,-76,5
-18,-75,4
-18,-74,3
-18,-73,2
-18,-72,2
-18,-71,1
-18,-70,1
-18,-43,1
-18,-42,1
-18,-41,1
-18,-40,1
-18,0,1
-18,63,1
-18,64,1
-18,65,2
-18,66,3
-18,67,4
-18,68,5
-18,69,6
-18,70,7
-18,71,7
-18,72,8
-18,73,8
-18,74,8
-18,75,8
-18,76,7
-18,77,6
-18,78,5
-18,79,3
-18,80,2
-18,81,2
-18,82,1
-18,83,1
-17,-90,2
-17,-88,2
-17,-87,3
-17,-86,4
-17,-85,4
-17,-84,5
-17,-83,6
-17,-82,6
-17,-81,6
-17,-80,7
-17,-79,6
-17,-78,6
-17,-77,6
-17,-76,5
-17,-75,4
-17,-74,3
-17,-73,2
-17,-72,2
-17,-71,1
-17,-70,1
-17,-43,1
-17,-42,1
-17,-41,1
-17,-40,1
-17,0,1
-17,63,1
-17,64,1
-17,65,2
-17,66,2
-17,67,3
-17,68,4
-17,69,5
-17,70,6
-17,71,7
-17,72,8
-17,73,8
-17,74,8
-17,75,8
-17,76,7
-17,77,6
-17,78,5
-17,79,3
-17,80,2
-17,81,2
-17,82,1
-17,83,1
-16,-90,2
-16,-88,2
-16,-87,3
-16,-86,4
-16,-85,4
-16,-84,5
-16,-83,6
-16,-82,6
-16,-81,6
-16,-80,7
-16,-79,6
-16,-78,6
-16,-77,6
-16,-76,5
-16,-75,4
-16,-74,3
-16,-73,2
-16,-72,2
-16,-71,1
-16,-70,1
-16,-43,1
-16,-42,1
-16,-41,1
-16,-40,1
-16,0,1
-16,63,1
-16,64,1
-16,65,2
-16,66,2
-16,67,3
-16,68,4
-16,69,5
-16,70,6
-16,71,7
-16,72,8
-16,73,8
-16,74,8
-16,75,8
-16,76,7
-16,77,6
-16,78,5
-16,79,4
-16,80,3
-16,81,2
-16,82,1
-16,83,1
-15,-90,2
-15,-88,2
-15,-87,3
-15,-86,4
-15,-85,4
-15,-84,5
-15,-83,6
-15,-82,6
-15,-81,6
-15,-80,6
-15,-79,6
-15,-78,6
-15,-77,6
-15,-76,5
-15,-75,4
-15,-74,3
-15,-73,3
-15,-72,2
-15,-71,1
-15,-70,1
-15,-43,1
-15,-42,1
-15,-41,1
-15,-40,1
-15,0,1
-15,63,1
-15,64,1
-15,65,1
-15,66,2
-15,67,3
-15,68,4
-15,69,5
-15,70,6
-15,71,7
-15,72,8
-15,73,8
-15,74,9
-15,75,8
-15,76,7
-15,77,6
-15,78,5
-15,79,4
-15,80,3
-15,81,2
-15,82,1
-15,83,1
-14,-90,2
-14,-88,2
-14,-87,3
-14,-86,4
-14,-85,4
-14,-84,5
-14,-83,6
-14,-82,6
-14,-81,6
-14,-80,6
-14,-79,6
-14,-78,6
-14,-77,6
-14,-76,5
-14,-75,4
-14,-74,3
-14,-73,3
-14,-72,2
-14,-71,1
-14,-70,1
-14,-43,1
-14,-42,1
-14,-41,1
-14,-40,1
-14,0,1
-14,63,1
-14,64,1
-14,65,1
-14,66,2
-14,67,3
-14,68,4
-14,69,5
-14,70,6
-14,71,7
-14,72,8
-14,73,8
-14,74,9
-14,75,8
-14,76,8
-14,77,6
-14,78,5
-14,79,4
-14,80,3
-14,81,2
-14,82,1
-14,83,1
-13,-90,2
-13,-88,2
-13,-87,3
-13,-86,4
-13,-85,4
-13,-84,5
-13,-83,6
-13,-82,6
-13,-81,6
-13,-80,6
-13,-79,6
-13,-78,6
-13,-77,6
-13,-76,5
-13,-75,4
-13,-74,3
-13,-73,3
-13,-72,2
-13,-71,1
-13,-70,1
-13,-69,1
-13,-43,1
-13,-42,1
-13,-41,1
-13,-40,1
-13,0,1
-13,64,1
-13,65,1
-13,66,2
-13,67,3
-13,68,4
-13,69,5
-13,70,6
-13,71,7
-13,72,8
-13,73,8
-13,74,9
-13,75,8
-13,76,8
-13,77,7
-13,78,5
-13,79,4
-13,80,3
-13,81,2
-13,82,1
-13,83,1
-13,84,1
-12,-90,2
-12,-88,2
-12,-87,3
-12,-86,4
-12,-85,4
-12,-84,5
-12,-83,5
-12,-82,6
-12,-81,6
-12,-80,6
-12,-79,6
-12,-78,6
-12,-77,6
-12,-76,5
-12,-75,4
-12,-74,3
-12,-73,3
-12,-72,2
-12,-71,1
-12,-70,1
-12,-69,1
-12,-43,1
-12,-42,1
-12,-41,1
-12,-40,1
-12,0,1
-12,64,1
-12,65,1
-12,66,2
-12,67,3
-12,68,3
-12,69,5
-12,70,6
-12,71,7
-12,72,8
-12,73,8
-12,74,9
-12,75,8
-12,76,8
-12,77,7
-12,78,5
-12,79,4
-12,80,3
-12,81,2
-12,82,1
-12,83,1
-12,84,1
-11,-90,2
-11,-88,2
-11,-87,3
-11,-86,4
-11,-85,4
-11,-84,5
-11,-83,5
-11,-82,6
-11,-81,6
-11,-80,6
-11,-79,6
-11,-78,6
-11,-77,6
-11,-76,5
-11,-75,4
-11,-74,3
-11,-73,3
-11,-72,2
-11,-71,1
-11,-70,1
-11,-69,1
-11,-43,1
-11,-42,1
-11,-41,1
-11,-40,1
-11,0,1
-11,64,1
-11,65,1
-11,66,2
-11,67,2
-11,68,3
-11,69,4
-11,70,6
-11,71,7
-11,72,8
-11,73,8
-11,74,9
-11,75,9
-11,76,8
-11,77,7
-11,78,6
-11,79,4
-11,80,3
-11,81,2
-11,82,1
-11,83,1
-11,84,1
-10,-90,2
-10,-88,2
-10,-87,3
-10,-86,4
-10,-85,4
-10,-84,5
-10,-83,5
-10,-82,6
-10,-81,6
-10,-80,6
-10,-79,6
-10,-78,6
-10,-77,6
-10,-76,5
-10,-75,4
-10,-74,3
-10,-73,3
-10,-72,2
-10,-71,1
-10,-70,1
-10,-69,1
-10,-43,1
-10,-42,1
-10,-41,1
-10,-40,1
-10,0,1
-10,64,1
-10,65,1
-10,66,2
-10,67,2
-10,68,3
-10,69,4
-10,70,5
-10,71,7
-10,72,8
-10,73,8
-10,74,9
-10,75,9
-10,76,8
-10,77,7
-10,78,6
-10,79,4
-10,80,3
-10,81,2
-10,82,1
-10,83,1
-10,84,1
-9,-90,2
-9,-88,2
-9,-87,3
-9,-86,4
-9,-85,4
-9,-84,5
-9,-83,5
-9,-82,6
-9,-81,6
-9,-80,6
-9,-79,6
-9,-78,6
-9,-77,6
-9,-76,5
-9,-75,4
-9,-74,4
-9,-73,3
-9,-72,2
-9,-71,1
-9,-70,1
-9,-69,1
-9,-43,1
-9,-42,1
-9,-41,1
-9,-40,1
-9,0,1
-9,64,1
-9,65,1
-9,66,1
-9,67,2
-9,68,3
-9,69,4
-9,70,5
-9,71,6
-9,72,7
-9,73,8
-9,74,9
-9,75,9
-9,76,8
-9,77,7
-9,78,6
-9,79,5
-9,80,3
-9,81,2
-9,82,1
-9,83,1
-9,84,1
-8,-90,2
-8,-88,2
-8,-87,3
-8,-86,4
-8,-85,4
-8,-84,5
-8,-83,5
-8,-82,6
-8,-81,6
-8,-80,6
-8,-79,6
-8,-78,6
-8,-77,6
-8,-76,5
-8,-75,4
-8,-74,4
-8,-73,3
-8,-72,2
-8,-71,2
-8,-70,1
-8,-69,1
-8,-43,1
-8,-42,1
-8,-41,1
-8,-40,1
-8,-39,1
-8,0,1
-8,65,1
-8,66,1
-8,67,2
-8,68,3
-8,69,4
-8,70,5
-8,71,6
-8,72,7
-8,73,8
-8,74,9
-8,75,9
-8,76,8
-8,77,7
-8,78,6
-8,79,5
-8,80,3
-8,81,2
-8,82,1
-8,83,1
-8,84,1
-7,-90,2
-7,-88,2
-7,-87,3
-7,-86,4
-7,-85,4
-7,-84,5
-7,-83,5
-7,-82,6
-7,-81,6
-7,-80,6
-7,-79,6
-7,-78,6
-7,-77,6
-7,-76,5
-7,-75,4
-7,-74,4
-7,-73,3
-7,-72,2
-7,-71,2
-7,-70,1
-7,-69,1
-7,-43,1
-7,-42,1
-7,-41,1
-7,-40,1
-7,-39,1
-7,0,1
-7,65,1
-7,66,1
-7,67,2
-7,68,3
-7,69,4
-7,70,5
-7,71,6
-7,72,7
-7,73,8
-7,74,9
-7,75,9
-7,76,8
-7,77,7
-7,78,6
-7,79,5
-7,80,3
-7,81,2
-7,82,2
-7,83,1
-7,84,1
-6,-90,2
-6,-88,2
-6,-87,3
-6,-86,4
-6,-85,4
-6,-84,5
-6,-83,5
-6,-82,6
-6,-81,6
-6,-80,6
-6,-79,6
-6,-78,6
-6,-77,6
-6,-76,5
-6,-75,4
-6,-74,4
-6,-73,3
-6,-72,2
-6,-71,2
-6,-70,1
-6,-69,1
-6,-43,1
-6,-42,1
-6,-41,1
-6,-40,1
-6,-39,1
-6,0,1
-6,65,1
-6,66,1
-6,67,2
-6,68,3
-6,69,4
-6,70,5
-6,71,6
-6,72,7
-6,73,8
-6,74,9
-6,75,9
-6,76,8
-6,77,7
-6,78,6
-6,79,5
-6,80,4
-6,81,2
-6,82,2
-6,83,1
-6,84,1
-5,-90,2
-5,-88,2
-5,-87,3
-5,-86,4
-5,-85,4
-5,-84,5
-5,-83,5
-5,-82,6
-5,-81,6
-5,-80,6
-5,-79,6
-5,-78,6
-5,-77,6
-5,-76,5
-5,-75,4
-5,-74,4
-5,-73,3
-5,-72,2
-5,-71,2
-5,-70,1
-5,-69,1
-5,-43,1
-5,-42,1
-5,-41,1
-5,-40,1
-5,-39,1
-5,0,1
-5,65,1
-5,66,1
-5,67,2
-5,68,2
-5,69,3
-5,70,4
-5,71,6
-5,72,7
-5,73,8
-5,74,9
-5,75,9
-5,76,8
-5,77,8
-5,78,6
-5,79,5
-5,80,4
-5,81,2
-5,82,2
-5,83,1
-5,84,1
-4,-90,2
-4,-88,2
-4,-87,3
-4,-86,4
-4,-85,4
-4,-84,5
-4,-83,5
-4,-82,6
-4,-81,6
-4,-80,6
-4,-79,6
-4,-78,6
-4,-77,6
-4,-76,5
-4,-75,4
-4,-74,4
-4,-73,3
-4,-72,2
-4,-71,2
-4,-70,1
-4,-69,1
-4,-42,1
-4,-41,1
-4,-40,1
-4,-39,1
-4,0,1
-4,65,1
-4,66,1
-4,67,2
-4,68,2
-4,69,3
-4,70,4
-4,71,5
-4,72,7
-4,73,8
-4,74,8
-4,75,9
-4,76,8
-4,77,8
-4,78,6
-4,79,5
-4,80,4
-4,81,3
-4,82,2
-4,83,1
-4,84,1
-3,-90,2
-3,-88,2
-3,-87,3
-3,-86,4
-3,-85,4
-3,-84,5
-3,-83,5
-3,-82,6
-3,-81,6
-3,-80,6
-3,-79,6
-3,-78,6
-3,-77,6
-3,-76,5
-3,-75,4
-3,-74,4
-3,-73,3
-3,-72,2
-3,-71,2
-3,-70,1
-3,-69,1
-3,-42,1
-3,-41,1
-3,-40,1
-3,-39,1
-3,0,1
-3,65,1
-3,66,1
-3,67,1
-3,68,2
-3,69,3
-3,70,4
-3,71,5
-3,72,6
-3,73,8
-3,74,8
-3,75,9
-3,76,8
-3,77,8
-3,78,7
-3,79,5
-3,80,4
-3,81,3
-3,82,2
-3,83,1
-3,84,1
-3,85,1
-2,-90,2
-2,-88,2
-2,-87,3
-2,-86,4
-2,-85,4
-2,-84,5
-2,-83,5
-2,-82,6
-2,-81,6
-2,-80,6
-2,-79,6
-2,-78,6
-2,-77,6
-2,-76,5
-2,-75,5
-2,-74,4
-2,-73,3
-2,-72,2
-2,-71,2
-2,-70,1
-2,-69,1
-2,-42,1
-2,-41,1
-2,-40,1
-2,-39,1
-2,0,1
-2,65,1
-2,66,1
-2,67,1
-2,68,2
-2,69,3
-2,70,4
-2,71,5
-2,72,6
-2,73,7
-2,74,8
-2,75,9
-2,76,8
-2,77,8
-2,78,7
-2,79,5
-2,80,4
-2,81,3
-2,82,2
-2,83,1
-2,84,1
-2,85,1
-1,-90,2
-1,-88,2
-1,-87,3
-1,-86,4
-1,-85,4
-1,-84,5
-1,-83,5
-1,-82,6
-1,-81,6
-1,-80,6
-1,-79,6
-1,-78,6
-1,-77,6
-1,-76,5
-1,-75,5
-1,-74,4
-1,-73,3
-1,-72,2
-1,-71,2
-1,-70,1
-1,-69,1
-1,-68,1
-1,-42,1
-1,-41,1
-1,-40,1
-1,-39,1
-1,0,1
-1,66,1
-1,67,1
-1,68,2
-1,69,3
-1,70,4
-1,71,5
-1,72,6
-1,73,7
-1,74,8
-1,75,9
-1,76,9
-1,77,8
-1,78,7
-1,79,5
-1,80,4
-1,81,3
-1,82,2
-1,83,1
-1,84,1
-1,85,1
